FGENESH_gene2	tr|A0A453T8K4|A0A453T8K4_AEGTS	54.795	73	33	0	261	333	35	107	1.75e-19	84.3
FGENESH_gene2	tr|A0A453SB71|A0A453SB71_AEGTS	52.055	73	35	0	261	333	124	196	1.61e-16	80.9
FGENESH_gene2	tr|A0A453A0Y1|A0A453A0Y1_AEGTS	52.055	73	35	0	261	333	121	193	5.76e-15	76.6
FGENESH_gene2	tr|A0A453FL39|A0A453FL39_AEGTS	52.055	73	35	0	261	333	36	108	5.78e-15	76.6
FGENESH_gene2	tr|A0A453CLY8|A0A453CLY8_AEGTS	49.315	73	37	0	261	333	36	108	2.14e-14	75.1
FGENESH_gene2	tr|A0A453RCI8|A0A453RCI8_AEGTS	45.205	73	40	0	261	333	21	93	5.53e-14	69.3
FGENESH_gene2	tr|A0A453CWJ5|A0A453CWJ5_AEGTS	46.575	73	39	0	261	333	95	167	6.97e-14	71.2
FGENESH_gene2	tr|A0A452ZS04|A0A452ZS04_AEGTS	46.575	73	39	0	261	333	85	157	9.39e-14	70.1
FGENESH_gene2	tr|A0A453J9E7|A0A453J9E7_AEGTS	45.205	73	40	0	261	333	95	167	1.66e-13	70.1
FGENESH_gene2	tr|A0A453NF11|A0A453NF11_AEGTS	46.575	73	39	0	261	333	95	167	1.67e-13	70.1
FGENESH_gene2	tr|A0A452ZKT8|A0A452ZKT8_AEGTS	45.205	73	40	0	261	333	95	167	2.02e-13	69.7
FGENESH_gene2	tr|A0A452ZS14|A0A452ZS14_AEGTS	46.575	73	39	0	261	333	60	132	2.24e-13	68.6
FGENESH_gene2	tr|A0A453QUD8|A0A453QUD8_AEGTS	43.836	73	41	0	261	333	75	147	4.03e-13	68.6
FGENESH_gene2	tr|A0A453I8F6|A0A453I8F6_AEGTS	42.466	73	42	0	261	333	8	80	6.51e-13	65.9
FGENESH_gene2	tr|A0A453KWG8|A0A453KWG8_AEGTS	42.466	73	42	0	261	333	8	80	1.39e-12	64.7
FGENESH_gene2	tr|A0A453HKI6|A0A453HKI6_AEGTS	43.836	73	41	0	261	333	113	185	1.45e-12	67.8
FGENESH_gene2	tr|A0A453QAY9|A0A453QAY9_AEGTS	45.205	73	40	0	261	333	125	197	1.69e-12	67.8
FGENESH_gene2	tr|A0A453BKN0|A0A453BKN0_AEGTS	44.928	69	38	0	260	328	57	125	2.66e-12	65.1
FGENESH_gene2	tr|A0A453I7G4|A0A453I7G4_AEGTS	43.836	73	41	0	261	333	136	208	2.69e-12	69.3
FGENESH_gene2	tr|A0A452XDY5|A0A452XDY5_AEGTS	43.836	73	41	0	261	333	8	80	2.76e-12	63.9
FGENESH_gene2	tr|A0A453LRT8|A0A453LRT8_AEGTS	42.466	73	42	0	261	333	95	167	3.77e-12	66.2
FGENESH_gene2	tr|A0A453AUS6|A0A453AUS6_AEGTS	43.590	78	44	0	256	333	55	132	1.33e-11	67.0
FGENESH_gene2	tr|A0A453QZX3|A0A453QZX3_AEGTS	39.726	73	44	0	261	333	77	149	1.42e-11	67.0
FGENESH_gene2	tr|A0A453RDU0|A0A453RDU0_AEGTS	42.466	73	42	0	261	333	113	185	1.48e-11	65.1
FGENESH_gene2	tr|A0A453SR55|A0A453SR55_AEGTS	45.205	73	40	0	261	333	60	132	1.48e-11	67.0
FGENESH_gene2	tr|A0A453QZN7|A0A453QZN7_AEGTS	39.726	73	44	0	261	333	71	143	1.52e-11	67.0
FGENESH_gene2	tr|A0A453QZW8|A0A453QZW8_AEGTS	39.726	73	44	0	261	333	60	132	1.86e-11	66.6
FGENESH_gene2	tr|A0A453DIR0|A0A453DIR0_AEGTS	39.726	73	44	0	261	333	235	307	2.49e-11	66.6
FGENESH_gene2	tr|A0A453DIN9|A0A453DIN9_AEGTS	39.726	73	44	0	261	333	249	321	2.75e-11	66.6
FGENESH_gene2	tr|A0A453HGR7|A0A453HGR7_AEGTS	41.096	73	43	0	261	333	8	80	2.93e-11	61.2
FGENESH_gene2	tr|A0A453MCW6|A0A453MCW6_AEGTS	44.118	68	38	0	261	328	58	125	3.17e-11	65.9
FGENESH_gene2	tr|A0A453DIQ8|A0A453DIQ8_AEGTS	39.726	73	44	0	261	333	136	208	3.20e-11	66.2
FGENESH_gene2	tr|A0A453DIP1|A0A453DIP1_AEGTS	39.726	73	44	0	261	333	188	260	3.86e-11	65.9
FGENESH_gene2	tr|A0A453QIY6|A0A453QIY6_AEGTS	41.096	73	43	0	261	333	130	202	5.36e-11	65.1
FGENESH_gene2	tr|A0A453LZG4|A0A453LZG4_AEGTS	45.588	68	37	0	261	328	139	206	9.43e-11	62.8
FGENESH_gene2	tr|A0A453KIQ5|A0A453KIQ5_AEGTS	41.176	68	40	0	266	333	1	68	1.76e-10	58.5
FGENESH_gene2	tr|A0A453Q6V6|A0A453Q6V6_AEGTS	45.588	68	37	0	261	328	60	127	2.00e-10	63.5
FGENESH_gene2	tr|A0A453GHV5|A0A453GHV5_AEGTS	41.176	68	40	0	266	333	1	68	2.77e-10	57.8
FGENESH_gene2	tr|A0A453EE77|A0A453EE77_AEGTS	42.647	68	39	0	266	333	1	68	2.98e-10	57.8
FGENESH_gene2	tr|A0A453QSD3|A0A453QSD3_AEGTS	41.176	68	40	0	266	333	1	68	3.23e-10	57.8
FGENESH_gene2	tr|A0A453G333|A0A453G333_AEGTS	41.096	73	43	0	261	333	51	123	3.71e-10	61.2
FGENESH_gene2	tr|A0A452ZTY5|A0A452ZTY5_AEGTS	40.845	71	42	0	261	331	47	117	3.82e-10	61.2
FGENESH_gene2	tr|A0A452XF29|A0A452XF29_AEGTS	42.308	52	30	0	261	312	8	59	4.10e-10	57.4
FGENESH_gene2	tr|A0A453QRA1|A0A453QRA1_AEGTS	39.726	73	44	0	261	333	42	114	5.38e-10	60.5
FGENESH_gene2	tr|A0A453J217|A0A453J217_AEGTS	43.836	73	41	0	261	333	60	132	5.58e-10	62.0
FGENESH_gene2	tr|A0A452Z656|A0A452Z656_AEGTS	44.118	68	38	0	261	328	60	127	5.66e-10	62.0
FGENESH_gene2	tr|A0A453NZE5|A0A453NZE5_AEGTS	40.845	71	42	0	261	331	47	117	6.93e-10	60.5
FGENESH_gene2	tr|A0A453J9S2|A0A453J9S2_AEGTS	40.845	71	42	0	261	331	47	117	6.97e-10	60.5
FGENESH_gene2	tr|A0A453JUL2|A0A453JUL2_AEGTS	40.845	71	42	0	261	331	47	117	7.89e-10	60.1
FGENESH_gene2	tr|A0A453QFU1|A0A453QFU1_AEGTS	40.845	71	42	0	261	331	47	117	8.68e-10	60.1
FGENESH_gene2	tr|A0A453HFV5|A0A453HFV5_AEGTS	40.845	71	42	0	261	331	47	117	9.10e-10	60.1
FGENESH_gene2	tr|A0A453Q3L7|A0A453Q3L7_AEGTS	36.170	94	52	1	248	333	16	109	1.26e-09	58.2
FGENESH_gene2	tr|A0A452ZTX3|A0A452ZTX3_AEGTS	39.726	73	44	0	261	333	125	197	1.29e-09	59.7
FGENESH_gene2	tr|A0A453KD45|A0A453KD45_AEGTS	39.726	73	44	0	261	333	47	119	1.93e-09	57.0
FGENESH_gene2	tr|A0A453EHN1|A0A453EHN1_AEGTS	42.029	69	40	0	265	333	3	71	1.99e-09	60.1
FGENESH_gene2	tr|A0A453KWP2|A0A453KWP2_AEGTS	42.647	68	39	0	266	333	1	68	2.06e-09	60.1
FGENESH_gene2	tr|A0A453SSU8|A0A453SSU8_AEGTS	41.538	65	38	0	269	333	1	65	3.64e-09	58.2
FGENESH_gene2	tr|A0A453J9K3|A0A453J9K3_AEGTS	39.726	73	44	0	261	333	125	197	3.79e-09	58.2
FGENESH_gene2	tr|A0A453QR97|A0A453QR97_AEGTS	40.000	65	39	0	269	333	1	65	3.85e-09	55.1
FGENESH_gene2	tr|A0A453NZJ2|A0A453NZJ2_AEGTS	39.726	73	44	0	261	333	125	197	4.24e-09	58.2
FGENESH_gene2	tr|A0A453G1W8|A0A453G1W8_AEGTS	42.029	69	40	0	265	333	3	71	4.84e-09	58.9
FGENESH_gene2	tr|A0A453HG44|A0A453HG44_AEGTS	39.726	73	44	0	261	333	125	197	5.03e-09	58.2
FGENESH_gene2	tr|A0A452ZTX6|A0A452ZTX6_AEGTS	39.726	73	44	0	261	333	22	94	5.77e-09	58.9
FGENESH_gene2	tr|A0A452XD15|A0A452XD15_AEGTS	39.726	73	44	0	261	333	47	119	6.17e-09	56.2
FGENESH_gene2	tr|A0A453PJ71|A0A453PJ71_AEGTS	38.356	73	45	0	261	333	107	179	6.83e-09	57.0
FGENESH_gene2	tr|A0A452YA29|A0A452YA29_AEGTS	40.845	71	42	0	261	331	47	117	7.14e-09	57.4
FGENESH_gene2	tr|A0A453G2Z4|A0A453G2Z4_AEGTS	41.096	73	43	0	261	333	37	109	8.22e-09	58.5
FGENESH_gene2	tr|A0A453QFQ5|A0A453QFQ5_AEGTS	39.726	73	44	0	261	333	81	153	8.69e-09	56.6
FGENESH_gene2	tr|A0A453J9B3|A0A453J9B3_AEGTS	39.726	73	44	0	261	333	22	94	1.02e-08	58.2
FGENESH_gene2	tr|A0A453QGC0|A0A453QGC0_AEGTS	39.726	73	44	0	261	333	22	94	1.07e-08	58.2
FGENESH_gene2	tr|A0A453JUQ6|A0A453JUQ6_AEGTS	39.726	73	44	0	261	333	22	94	1.11e-08	57.8
FGENESH_gene2	tr|A0A453NYP8|A0A453NYP8_AEGTS	39.726	73	44	0	261	333	22	94	1.15e-08	57.4
FGENESH_gene2	tr|A0A453PJ35|A0A453PJ35_AEGTS	38.356	73	45	0	261	333	134	206	1.18e-08	57.0
FGENESH_gene2	tr|A0A453G362|A0A453G362_AEGTS	41.096	73	43	0	261	333	137	209	1.24e-08	58.2
FGENESH_gene2	tr|A0A453HG02|A0A453HG02_AEGTS	39.726	73	44	0	261	333	20	92	1.30e-08	57.8
FGENESH_gene2	tr|A0A453CQ23|A0A453CQ23_AEGTS	40.000	65	39	0	269	333	1	65	1.33e-08	53.9
FGENESH_gene2	tr|A0A453PIE9|A0A453PIE9_AEGTS	40.000	65	39	0	269	333	1	65	1.54e-08	55.1
FGENESH_gene2	tr|A0A453BCH8|A0A453BCH8_AEGTS	38.356	73	45	0	261	333	138	210	1.67e-08	56.6
FGENESH_gene2	tr|A0A452ZKT9|A0A452ZKT9_AEGTS	40.000	65	39	0	269	333	1	65	1.81e-08	55.5
FGENESH_gene2	tr|A0A453HL47|A0A453HL47_AEGTS	38.272	81	50	0	253	333	29	109	2.42e-08	57.0
FGENESH_gene2	tr|A0A453J3Z2|A0A453J3Z2_AEGTS	40.000	65	39	0	269	333	1	65	3.68e-08	54.7
FGENESH_gene2	tr|A0A453BCB9|A0A453BCB9_AEGTS	38.356	73	45	0	261	333	169	241	4.24e-08	56.6
FGENESH_gene2	tr|A0A453BC21|A0A453BC21_AEGTS	38.356	73	45	0	261	333	128	200	4.61e-08	56.6
FGENESH_gene2	tr|A0A453NS48|A0A453NS48_AEGTS	38.028	71	44	0	261	331	47	117	5.18e-08	54.7
FGENESH_gene2	tr|A0A452XC24|A0A452XC24_AEGTS	42.308	52	30	0	261	312	8	59	7.80e-08	50.8
FGENESH_gene2	tr|A0A453PKY1|A0A453PKY1_AEGTS	38.462	65	40	0	269	333	1	65	1.28e-07	51.2
FGENESH_gene2	tr|A0A452XJV1|A0A452XJV1_AEGTS	38.462	65	40	0	269	333	1	65	2.67e-07	52.4
FGENESH_gene2	tr|A0A453NS96|A0A453NS96_AEGTS	36.986	73	46	0	261	333	22	94	5.14e-07	52.8
FGENESH_gene2	tr|A0A453AM33|A0A453AM33_AEGTS	37.931	58	36	0	276	333	4	61	8.43e-07	49.3
FGENESH_gene2	tr|A0A453G4E6|A0A453G4E6_AEGTS	39.655	58	35	0	276	333	2	59	1.08e-06	50.1
FGENESH_gene2	tr|A0A453NZT6|A0A453NZT6_AEGTS	39.623	53	32	0	281	333	1	53	8.51e-06	44.7
FGENESH_gene2	tr|A0A452XD13|A0A452XD13_AEGTS	44.898	49	27	0	261	309	125	173	1.01e-05	47.4
FGENESH_gene2	tr|A0A452ZHD8|A0A452ZHD8_AEGTS	42.553	47	27	0	261	307	95	141	1.12e-05	46.6
FGENESH_gene2	tr|A0A452ZBR2|A0A452ZBR2_AEGTS	42.857	49	28	0	261	309	39	87	1.87e-05	44.7
FGENESH_gene2	tr|A0A453QRJ3|A0A453QRJ3_AEGTS	42.857	49	28	0	261	309	125	173	5.13e-05	45.4
FGENESH_gene2	tr|A0A453DME5|A0A453DME5_AEGTS	40.000	45	27	0	261	305	8	52	6.86e-05	42.0
FGENESH_gene2	tr|A0A453GG43|A0A453GG43_AEGTS	39.583	48	29	0	281	328	1	48	7.99e-05	42.0
FGENESH_gene2	tr|A0A452YG15|A0A452YG15_AEGTS	42.857	49	28	0	261	309	81	129	1.01e-04	43.5
FGENESH_gene2	tr|A0A453PPW1|A0A453PPW1_AEGTS	44.444	45	25	0	261	305	95	139	1.56e-04	43.5
FGENESH_gene2	tr|A0A453I8B5|A0A453I8B5_AEGTS	41.463	41	24	0	281	321	1	41	2.76e-04	40.4
FGENESH_gene2	tr|A0A453EKT5|A0A453EKT5_AEGTS	36.000	50	32	0	284	333	1	50	4.29e-04	40.4
FGENESH_gene2	tr|A0A453IN95|A0A453IN95_AEGTS	45.161	31	17	0	282	312	46	76	5.60e-04	40.8
FGENESH_gene2	tr|A0A453KWK0|A0A453KWK0_AEGTS	35.849	53	34	0	281	333	1	53	8.06e-04	39.3
FGENESH_gene2	tr|A0A453GFT6|A0A453GFT6_AEGTS	41.463	41	24	0	281	321	1	41	8.38e-04	39.3
FGENESH_gene2	tr|A0A453AE66|A0A453AE66_AEGTS	38.000	50	31	0	284	333	1	50	8.43e-04	42.4
FGENESH_gene2	tr|A0A453HI85|A0A453HI85_AEGTS	42.222	45	26	0	261	305	125	169	0.001	42.0
FGENESH_gene2	tr|A0A453C1E8|A0A453C1E8_AEGTS	42.222	45	26	0	261	305	125	169	0.001	41.6
FGENESH_gene2	tr|A0A453NRL4|A0A453NRL4_AEGTS	38.776	49	30	0	261	309	125	173	0.004	39.7
FGENESH_gene2	tr|A0A453RLP0|A0A453RLP0_AEGTS	36.364	44	28	0	261	304	46	89	0.010	37.0
FGENESH_gene2	tr|A0A452YA20|A0A452YA20_AEGTS	41.304	46	27	0	261	306	125	170	0.013	38.1
FGENESH_gene2	tr|A0A453S0C6|A0A453S0C6_AEGTS	53.846	26	12	0	261	286	43	68	0.016	35.8
FGENESH_gene2	tr|A0A453HG82|A0A453HG82_AEGTS	39.024	41	25	0	281	321	1	41	0.020	35.4
FGENESH_gene2	tr|A0A453EKV6|A0A453EKV6_AEGTS	39.130	46	25	1	288	333	1	43	0.022	38.5
FGENESH_gene2	tr|A0A453MFX6|A0A453MFX6_AEGTS	41.667	36	21	0	298	333	10	45	0.023	36.6
FGENESH_gene2	tr|A0A453D6R6|A0A453D6R6_AEGTS	53.846	26	12	0	261	286	43	68	0.032	35.0
FGENESH_gene2	tr|A0A453QMT6|A0A453QMT6_AEGTS	58.333	24	10	0	261	284	8	31	0.060	33.1
FGENESH_gene2	tr|A0A453A0Z2|A0A453A0Z2_AEGTS	56.522	23	10	0	261	283	113	135	3.1	30.8
FGENESH_gene2	tr|A0A452YL79|A0A452YL79_AEGTS	30.952	42	29	0	292	333	42	83	4.2	30.8
FGENESH_gene2	tr|A0A453JQZ9|A0A453JQZ9_AEGTS	31.915	47	31	1	261	307	18	63	7.4	29.3
FGENESH_gene3	tr|A0A453J5I5|A0A453J5I5_AEGTS	99.356	621	4	0	1	621	1	621	0.0	1279
FGENESH_gene3	tr|A0A453J5I2|A0A453J5I2_AEGTS	99.356	621	4	0	1	621	26	646	0.0	1277
FGENESH_gene3	tr|A0A453J5H9|A0A453J5H9_AEGTS	99.356	621	4	0	1	621	87	707	0.0	1277
FGENESH_gene3	tr|A0A453J5H8|A0A453J5H8_AEGTS	99.355	620	4	0	1	620	40	659	0.0	1274
FGENESH_gene3	tr|A0A453CEQ2|A0A453CEQ2_AEGTS	54.487	624	257	9	1	608	14	626	0.0	649
FGENESH_gene3	tr|A0A453CEC6|A0A453CEC6_AEGTS	54.487	624	257	9	1	608	16	628	0.0	649
FGENESH_gene3	tr|A0A453CEE1|A0A453CEE1_AEGTS	54.487	624	257	9	1	608	1	613	0.0	649
FGENESH_gene3	tr|A0A453CER5|A0A453CER5_AEGTS	54.487	624	257	9	1	608	19	631	0.0	648
FGENESH_gene3	tr|A0A453CEL6|A0A453CEL6_AEGTS	54.487	624	257	9	1	608	150	762	0.0	646
FGENESH_gene3	tr|A0A453P3P0|A0A453P3P0_AEGTS	54.589	621	257	6	1	604	11	623	0.0	639
FGENESH_gene3	tr|A0A453P3M1|A0A453P3M1_AEGTS	54.589	621	257	6	1	604	11	623	0.0	639
FGENESH_gene3	tr|A0A453P3P2|A0A453P3P2_AEGTS	54.589	621	257	6	1	604	1	613	0.0	639
FGENESH_gene3	tr|A0A453P3M4|A0A453P3M4_AEGTS	54.589	621	257	6	1	604	201	813	0.0	639
FGENESH_gene3	tr|A0A453P3M8|A0A453P3M8_AEGTS	54.589	621	257	6	1	604	89	701	0.0	638
FGENESH_gene3	tr|A0A453PZ70|A0A453PZ70_AEGTS	52.365	613	262	8	1	587	106	714	0.0	629
FGENESH_gene3	tr|A0A453PZN4|A0A453PZN4_AEGTS	52.365	613	262	8	1	587	1	609	0.0	629
FGENESH_gene3	tr|A0A453J5J1|A0A453J5J1_AEGTS	98.675	302	4	0	1	302	87	388	0.0	628
FGENESH_gene3	tr|A0A453PZQ5|A0A453PZQ5_AEGTS	52.421	599	266	7	1	587	106	697	0.0	618
FGENESH_gene3	tr|A0A453P3L6|A0A453P3L6_AEGTS	55.871	528	215	4	92	604	15	539	0.0	543
FGENESH_gene3	tr|A0A453CDF9|A0A453CDF9_AEGTS	45.146	618	273	13	7	584	23	614	6.58e-149	446
FGENESH_gene3	tr|A0A453CDA1|A0A453CDA1_AEGTS	45.146	618	273	13	7	584	17	608	6.72e-149	446
FGENESH_gene3	tr|A0A453J5J0|A0A453J5J0_AEGTS	45.719	584	277	11	1	558	1	570	3.70e-147	442
FGENESH_gene3	tr|A0A452YCM7|A0A452YCM7_AEGTS	43.112	617	282	13	10	584	72	661	6.67e-147	442
FGENESH_gene3	tr|A0A453A1Z1|A0A453A1Z1_AEGTS	43.655	591	276	8	6	582	19	566	3.55e-146	437
FGENESH_gene3	tr|A0A453J5J6|A0A453J5J6_AEGTS	43.750	624	282	14	10	584	26	629	4.00e-146	440
FGENESH_gene3	tr|A0A453J5I9|A0A453J5I9_AEGTS	45.201	573	280	10	10	558	26	588	3.21e-144	434
FGENESH_gene3	tr|A0A453J5I3|A0A453J5I3_AEGTS	48.133	482	223	9	101	558	156	634	1.61e-124	386
FGENESH_gene3	tr|A0A453J5I3|A0A453J5I3_AEGTS	61.224	49	19	0	1	49	1	49	9.00e-15	80.1
FGENESH_gene3	tr|A0A453J5I7|A0A453J5I7_AEGTS	48.133	482	223	9	101	558	145	623	2.26e-124	385
FGENESH_gene3	tr|A0A453J5I7|A0A453J5I7_AEGTS	62.500	40	15	0	10	49	26	65	4.03e-12	71.6
FGENESH_gene3	tr|A0A453J5I4|A0A453J5I4_AEGTS	48.133	482	223	9	101	558	208	686	4.47e-124	387
FGENESH_gene3	tr|A0A453J5I4|A0A453J5I4_AEGTS	62.500	40	15	0	10	49	62	101	3.89e-12	71.6
FGENESH_gene3	tr|A0A453J5J5|A0A453J5J5_AEGTS	46.087	460	221	9	104	544	1	452	4.26e-112	345
FGENESH_gene3	tr|A0A453PZB0|A0A453PZB0_AEGTS	56.552	290	114	4	1	279	106	394	4.74e-108	334
FGENESH_gene3	tr|A0A453L7U6|A0A453L7U6_AEGTS	41.529	484	218	10	102	576	24	451	5.06e-103	322
FGENESH_gene3	tr|A0A453J5I8|A0A453J5I8_AEGTS	45.833	384	190	6	102	467	13	396	1.44e-98	308
FGENESH_gene3	tr|A0A453LHN5|A0A453LHN5_AEGTS	55.000	280	121	3	178	452	1	280	8.07e-98	302
FGENESH_gene3	tr|A0A453J7T2|A0A453J7T2_AEGTS	51.943	283	127	4	178	452	1	282	7.80e-86	271
FGENESH_gene3	tr|A0A453P3N5|A0A453P3N5_AEGTS	52.381	252	116	3	354	604	1	249	1.18e-73	238
FGENESH_gene3	tr|A0A453CYJ3|A0A453CYJ3_AEGTS	43.377	302	160	4	289	584	10	306	2.77e-63	214
FGENESH_gene3	tr|A0A453LI23|A0A453LI23_AEGTS	39.815	324	136	7	4	320	36	307	1.21e-59	203
FGENESH_gene3	tr|A0A453J849|A0A453J849_AEGTS	48.472	229	112	4	332	557	1	226	1.04e-52	184
FGENESH_gene3	tr|A0A453JH41|A0A453JH41_AEGTS	32.367	414	237	12	166	560	44	433	7.89e-50	187
FGENESH_gene3	tr|A0A453JGN1|A0A453JGN1_AEGTS	32.367	414	237	12	166	560	64	453	9.55e-50	187
FGENESH_gene3	tr|A0A453CYJ7|A0A453CYJ7_AEGTS	38.435	294	135	5	289	576	10	263	8.81e-44	159
FGENESH_gene3	tr|A0A453QAT7|A0A453QAT7_AEGTS	30.495	505	290	16	102	584	3	468	2.14e-41	159
FGENESH_gene3	tr|A0A453JH12|A0A453JH12_AEGTS	29.880	502	296	16	101	584	3	466	3.17e-39	153
FGENESH_gene3	tr|A0A453JFL1|A0A453JFL1_AEGTS	30.670	463	270	15	140	584	23	452	2.19e-38	150
FGENESH_gene3	tr|A0A453MPD1|A0A453MPD1_AEGTS	32.367	414	235	15	159	559	59	440	2.49e-37	150
FGENESH_gene3	tr|A0A453JH29|A0A453JH29_AEGTS	28.139	462	284	13	140	586	13	441	9.50e-37	145
FGENESH_gene3	tr|A0A453JGF5|A0A453JGF5_AEGTS	28.139	462	284	13	140	586	53	481	2.04e-36	144
FGENESH_gene3	tr|A0A453GT69|A0A453GT69_AEGTS	28.542	480	292	12	101	563	2	447	2.06e-36	145
FGENESH_gene3	tr|A0A453STV0|A0A453STV0_AEGTS	29.844	449	248	11	163	584	83	491	6.30e-36	144
FGENESH_gene3	tr|A0A453ACY1|A0A453ACY1_AEGTS	31.407	398	237	10	153	528	309	692	1.11e-35	145
FGENESH_gene3	tr|A0A453ACY1|A0A453ACY1_AEGTS	46.939	49	23	1	1	46	135	183	5.18e-07	55.1
FGENESH_gene3	tr|A0A453ACU3|A0A453ACU3_AEGTS	31.407	398	237	10	153	528	271	654	1.31e-35	145
FGENESH_gene3	tr|A0A453MP99|A0A453MP99_AEGTS	39.815	216	97	8	159	365	68	259	9.31e-31	123
FGENESH_gene3	tr|A0A453KKS8|A0A453KKS8_AEGTS	30.556	288	155	7	8	272	26	291	7.97e-29	122
FGENESH_gene3	tr|A0A453KKF3|A0A453KKF3_AEGTS	30.556	288	155	7	8	272	59	324	8.92e-29	122
FGENESH_gene3	tr|A0A453KKF8|A0A453KKF8_AEGTS	30.556	288	155	7	8	272	57	322	9.15e-29	122
FGENESH_gene3	tr|A0A453KKS5|A0A453KKS5_AEGTS	30.556	288	155	7	8	272	28	293	9.67e-29	121
FGENESH_gene3	tr|A0A453JH06|A0A453JH06_AEGTS	35.808	229	120	6	140	366	26	229	1.15e-28	117
FGENESH_gene3	tr|A0A453KKT3|A0A453KKT3_AEGTS	30.556	288	155	7	8	272	96	361	1.29e-28	122
FGENESH_gene3	tr|A0A453KKX9|A0A453KKX9_AEGTS	30.556	288	155	7	8	272	72	337	2.60e-28	120
FGENESH_gene3	tr|A0A453ACV7|A0A453ACV7_AEGTS	29.223	373	228	10	178	528	1	359	3.24e-28	119
FGENESH_gene3	tr|A0A453A913|A0A453A913_AEGTS	28.986	276	165	7	166	431	141	395	5.40e-26	112
FGENESH_gene3	tr|A0A453A944|A0A453A944_AEGTS	29.856	278	160	8	166	431	137	391	6.65e-26	112
FGENESH_gene3	tr|A0A453A8Y4|A0A453A8Y4_AEGTS	26.478	423	267	12	166	576	156	546	8.08e-26	114
FGENESH_gene3	tr|A0A453A942|A0A453A942_AEGTS	26.478	423	267	12	166	576	119	509	8.79e-26	114
FGENESH_gene3	tr|A0A453A928|A0A453A928_AEGTS	26.478	423	267	12	166	576	154	544	9.18e-26	114
FGENESH_gene3	tr|A0A453A939|A0A453A939_AEGTS	26.478	423	267	12	166	576	137	527	1.11e-25	114
FGENESH_gene3	tr|A0A453A8Y9|A0A453A8Y9_AEGTS	30.534	262	148	7	166	416	137	375	2.02e-25	110
FGENESH_gene3	tr|A0A453GFJ6|A0A453GFJ6_AEGTS	25.062	403	248	13	176	559	168	535	1.13e-23	107
FGENESH_gene3	tr|A0A453AH23|A0A453AH23_AEGTS	22.819	447	301	13	125	559	17	431	1.47e-22	103
FGENESH_gene3	tr|A0A453AH44|A0A453AH44_AEGTS	22.819	447	301	13	125	559	344	758	4.25e-22	103
FGENESH_gene3	tr|A0A453GFB7|A0A453GFB7_AEGTS	27.668	253	157	6	176	424	17	247	1.80e-20	94.7
FGENESH_gene3	tr|A0A453ACU7|A0A453ACU7_AEGTS	27.714	350	217	10	201	528	310	645	7.21e-20	96.3
FGENESH_gene3	tr|A0A453ACU7|A0A453ACU7_AEGTS	46.939	49	23	1	1	46	135	183	6.71e-07	54.7
FGENESH_gene3	tr|A0A453GFJ5|A0A453GFJ5_AEGTS	26.493	268	165	10	308	559	14	265	2.83e-16	82.0
FGENESH_gene3	tr|A0A453QB09|A0A453QB09_AEGTS	27.723	303	186	9	305	586	18	308	7.32e-16	81.6
FGENESH_gene3	tr|A0A453GGF0|A0A453GGF0_AEGTS	59.091	44	18	0	6	49	24	67	5.33e-14	74.3
FGENESH_gene3	tr|A0A453GGF1|A0A453GGF1_AEGTS	59.091	44	18	0	6	49	25	68	5.89e-14	74.3
FGENESH_gene3	tr|A0A453GTB7|A0A453GTB7_AEGTS	38.144	97	59	1	178	273	1	97	4.69e-13	68.2
FGENESH_gene3	tr|A0A453MPB1|A0A453MPB1_AEGTS	27.004	237	161	7	327	559	2	230	1.04e-10	66.6
FGENESH_gene3	tr|A0A453I9C8|A0A453I9C8_AEGTS	40.541	37	17	2	14	48	51	84	0.003	39.3
FGENESH_gene3	tr|A0A453M9M2|A0A453M9M2_AEGTS	40.541	37	17	2	14	48	57	90	0.004	39.3
FGENESH_gene3	tr|A0A453M9H5|A0A453M9H5_AEGTS	40.541	37	17	2	14	48	66	99	0.004	39.3
FGENESH_gene3	tr|A0A453HTM0|A0A453HTM0_AEGTS	45.946	37	20	0	13	49	116	152	0.007	40.0
FGENESH_gene3	tr|A0A453JR22|A0A453JR22_AEGTS	22.660	203	138	6	168	365	333	521	0.010	41.2
FGENESH_gene3	tr|A0A453JR04|A0A453JR04_AEGTS	22.277	202	140	5	168	365	332	520	0.012	40.8
FGENESH_gene3	tr|A0A453JR57|A0A453JR57_AEGTS	22.660	203	138	6	168	365	333	521	0.013	40.8
FGENESH_gene3	tr|A0A453B428|A0A453B428_AEGTS	27.011	174	114	5	173	344	327	489	0.015	40.8
FGENESH_gene3	tr|A0A453B3R3|A0A453B3R3_AEGTS	27.011	174	114	5	173	344	327	489	0.016	40.8
FGENESH_gene3	tr|A0A453B416|A0A453B416_AEGTS	27.011	174	114	5	173	344	271	433	0.017	40.4
FGENESH_gene3	tr|A0A453B3W5|A0A453B3W5_AEGTS	27.011	174	114	5	173	344	107	269	0.018	40.4
FGENESH_gene3	tr|A0A452YR36|A0A452YR36_AEGTS	32.653	49	28	1	1	44	136	184	0.021	39.7
FGENESH_gene3	tr|A0A453MYX5|A0A453MYX5_AEGTS	55.556	27	11	1	14	40	144	169	0.022	39.3
FGENESH_gene3	tr|A0A453B424|A0A453B424_AEGTS	27.011	174	114	5	173	344	264	426	0.023	40.0
FGENESH_gene3	tr|A0A452YR21|A0A452YR21_AEGTS	32.653	49	28	1	1	44	136	184	0.024	39.7
FGENESH_gene3	tr|A0A452YR34|A0A452YR34_AEGTS	32.653	49	28	1	1	44	136	184	0.025	39.3
FGENESH_gene3	tr|A0A453B3Z8|A0A453B3Z8_AEGTS	27.011	174	114	5	173	344	340	502	0.025	40.0
FGENESH_gene3	tr|A0A452YR53|A0A452YR53_AEGTS	32.653	49	28	1	1	44	140	188	0.032	39.7
FGENESH_gene3	tr|A0A453B3R2|A0A453B3R2_AEGTS	25.571	219	136	7	173	389	257	450	0.033	39.7
FGENESH_gene3	tr|A0A452YR29|A0A452YR29_AEGTS	32.653	49	28	1	1	44	136	184	0.035	39.7
FGENESH_gene3	tr|A0A452YR32|A0A452YR32_AEGTS	32.653	49	28	1	1	44	136	184	0.036	39.7
FGENESH_gene3	tr|A0A452YR31|A0A452YR31_AEGTS	32.653	49	28	1	1	44	136	184	0.037	39.3
FGENESH_gene3	tr|A0A452YR61|A0A452YR61_AEGTS	32.653	49	28	1	1	44	136	184	0.038	38.9
FGENESH_gene3	tr|A0A452YR56|A0A452YR56_AEGTS	32.653	49	28	1	1	44	2	50	0.043	39.3
FGENESH_gene3	tr|A0A453RX94|A0A453RX94_AEGTS	50.000	26	13	0	14	39	30	55	0.055	35.4
FGENESH_gene3	tr|A0A453PDG6|A0A453PDG6_AEGTS	37.931	29	17	1	14	42	41	68	0.056	35.4
FGENESH_gene3	tr|A0A452ZFR9|A0A452ZFR9_AEGTS	46.667	30	16	0	13	42	31	60	0.066	35.4
FGENESH_gene3	tr|A0A453PDE8|A0A453PDE8_AEGTS	37.931	29	17	1	14	42	49	76	0.068	35.4
FGENESH_gene3	tr|A0A453GT92|A0A453GT92_AEGTS	25.532	94	67	2	322	412	2	95	0.081	37.0
FGENESH_gene3	tr|A0A453FQD8|A0A453FQD8_AEGTS	50.000	26	13	0	13	38	12	37	0.086	35.0
FGENESH_gene3	tr|A0A453DMS0|A0A453DMS0_AEGTS	37.931	29	17	1	14	42	62	89	0.090	35.4
FGENESH_gene3	tr|A0A453B3R1|A0A453B3R1_AEGTS	26.404	178	118	5	173	348	328	494	0.11	37.7
FGENESH_gene3	tr|A0A453E1N6|A0A453E1N6_AEGTS	53.846	26	11	1	14	39	147	171	0.12	37.0
FGENESH_gene3	tr|A0A452ZFT8|A0A452ZFT8_AEGTS	46.667	30	16	0	13	42	33	62	0.13	37.4
FGENESH_gene3	tr|A0A453PX54|A0A453PX54_AEGTS	31.429	35	24	0	6	40	439	473	0.13	37.4
FGENESH_gene3	tr|A0A453PDB8|A0A453PDB8_AEGTS	37.931	29	17	1	14	42	83	110	0.13	35.4
FGENESH_gene3	tr|A0A452ZFR8|A0A452ZFR8_AEGTS	46.667	30	16	0	13	42	24	53	0.14	37.4
FGENESH_gene3	tr|A0A453PWU5|A0A453PWU5_AEGTS	31.429	35	24	0	6	40	438	472	0.14	37.4
FGENESH_gene3	tr|A0A453CKP1|A0A453CKP1_AEGTS	46.000	50	21	3	14	62	131	175	0.15	36.2
FGENESH_gene3	tr|A0A453PXA6|A0A453PXA6_AEGTS	31.429	35	24	0	6	40	540	574	0.16	37.4
FGENESH_gene3	tr|A0A452ZFR1|A0A452ZFR1_AEGTS	46.667	30	16	0	13	42	54	83	0.17	37.0
FGENESH_gene3	tr|A0A453PAH7|A0A453PAH7_AEGTS	41.026	39	16	1	14	45	161	199	0.17	36.6
FGENESH_gene3	tr|A0A453FQ87|A0A453FQ87_AEGTS	50.000	26	13	0	13	38	35	60	0.18	35.0
FGENESH_gene3	tr|A0A452ZFR7|A0A452ZFR7_AEGTS	46.667	30	16	0	13	42	52	81	0.19	37.0
FGENESH_gene3	tr|A0A452ZFR4|A0A452ZFR4_AEGTS	46.667	30	16	0	13	42	142	171	0.23	36.6
FGENESH_gene3	tr|A0A452Z0T0|A0A452Z0T0_AEGTS	31.429	35	24	0	6	40	317	351	0.23	36.6
FGENESH_gene3	tr|A0A452Z0R8|A0A452Z0R8_AEGTS	31.429	35	24	0	6	40	474	508	0.25	36.6
FGENESH_gene3	tr|A0A453FQI4|A0A453FQI4_AEGTS	50.000	26	13	0	13	38	2	27	0.25	36.6
FGENESH_gene3	tr|A0A453FQE3|A0A453FQE3_AEGTS	50.000	26	13	0	13	38	28	53	0.26	36.6
FGENESH_gene3	tr|A0A453FQH9|A0A453FQH9_AEGTS	50.000	26	13	0	13	38	43	68	0.26	36.6
FGENESH_gene3	tr|A0A453RX85|A0A453RX85_AEGTS	50.000	26	13	0	14	39	130	155	0.27	35.4
FGENESH_gene3	tr|A0A452Z0T5|A0A452Z0T5_AEGTS	31.429	35	24	0	6	40	223	257	0.28	36.2
FGENESH_gene3	tr|A0A453RX55|A0A453RX55_AEGTS	50.000	26	13	0	14	39	130	155	0.29	35.4
FGENESH_gene3	tr|A0A453RX81|A0A453RX81_AEGTS	50.000	26	13	0	14	39	130	155	0.29	35.4
FGENESH_gene3	tr|A0A453ENJ5|A0A453ENJ5_AEGTS	50.000	26	12	1	14	39	9	33	0.31	35.4
FGENESH_gene3	tr|A0A453FQH7|A0A453FQH7_AEGTS	50.000	26	13	0	13	38	38	63	0.32	36.2
FGENESH_gene3	tr|A0A453FQH2|A0A453FQH2_AEGTS	50.000	26	13	0	13	38	42	67	0.32	36.2
FGENESH_gene3	tr|A0A452ZFR2|A0A452ZFR2_AEGTS	46.667	30	16	0	13	42	137	166	0.36	36.2
FGENESH_gene3	tr|A0A452ZFR6|A0A452ZFR6_AEGTS	50.000	26	13	0	13	38	2	27	0.40	35.4
FGENESH_gene3	tr|A0A453FQD3|A0A453FQD3_AEGTS	50.000	26	13	0	13	38	30	55	0.40	35.8
FGENESH_gene3	tr|A0A453JR10|A0A453JR10_AEGTS	22.353	170	115	5	168	333	332	488	0.43	35.8
FGENESH_gene3	tr|A0A453JR26|A0A453JR26_AEGTS	22.353	170	115	5	168	333	333	489	0.47	35.8
FGENESH_gene3	tr|A0A453QCW0|A0A453QCW0_AEGTS	46.154	26	14	0	14	39	114	139	0.48	34.3
FGENESH_gene3	tr|A0A453FQH4|A0A453FQH4_AEGTS	50.000	26	13	0	13	38	35	60	0.48	35.4
FGENESH_gene3	tr|A0A453ENJ7|A0A453ENJ7_AEGTS	50.000	26	12	1	14	39	35	59	0.49	35.0
FGENESH_gene3	tr|A0A453S6A0|A0A453S6A0_AEGTS	46.154	26	14	0	14	39	198	223	0.57	35.0
FGENESH_gene3	tr|A0A452ZWW7|A0A452ZWW7_AEGTS	44.828	29	15	1	11	39	13	40	0.58	31.6
FGENESH_gene3	tr|A0A453GIY4|A0A453GIY4_AEGTS	35.294	51	25	2	6	56	166	208	0.58	35.0
FGENESH_gene3	tr|A0A453ENJ0|A0A453ENJ0_AEGTS	50.000	26	12	1	14	39	128	152	0.58	35.0
FGENESH_gene3	tr|A0A453REC1|A0A453REC1_AEGTS	50.000	26	12	1	14	39	307	331	0.59	35.4
FGENESH_gene3	tr|A0A453FQJ1|A0A453FQJ1_AEGTS	50.000	26	13	0	13	38	31	56	0.60	35.4
FGENESH_gene3	tr|A0A453RE08|A0A453RE08_AEGTS	50.000	26	12	1	14	39	307	331	0.62	35.4
FGENESH_gene3	tr|A0A453ENJ4|A0A453ENJ4_AEGTS	50.000	26	12	1	14	39	307	331	0.62	35.4
FGENESH_gene3	tr|A0A453EEM6|A0A453EEM6_AEGTS	42.424	33	17	2	13	45	132	162	0.64	34.7
FGENESH_gene3	tr|A0A453ENN6|A0A453ENN6_AEGTS	50.000	26	12	1	14	39	341	365	0.67	35.4
FGENESH_gene3	tr|A0A453M8E3|A0A453M8E3_AEGTS	40.625	32	18	1	14	45	128	158	0.68	34.3
FGENESH_gene3	tr|A0A453JNX7|A0A453JNX7_AEGTS	45.455	33	17	1	6	38	107	138	0.73	33.9
FGENESH_gene3	tr|A0A453GIR7|A0A453GIR7_AEGTS	35.294	51	25	2	6	56	160	202	0.77	34.7
FGENESH_gene3	tr|A0A453ENK2|A0A453ENK2_AEGTS	50.000	26	12	1	14	39	307	331	0.77	35.0
FGENESH_gene3	tr|A0A453B3R7|A0A453B3R7_AEGTS	27.451	153	98	5	173	323	295	436	0.78	35.0
FGENESH_gene3	tr|A0A453GIK5|A0A453GIK5_AEGTS	35.294	51	25	2	6	56	161	203	0.79	34.3
FGENESH_gene3	tr|A0A453REC6|A0A453REC6_AEGTS	50.000	26	12	1	14	39	307	331	0.79	35.0
FGENESH_gene3	tr|A0A453RDH8|A0A453RDH8_AEGTS	50.000	26	12	1	14	39	307	331	0.82	35.0
FGENESH_gene3	tr|A0A453QH48|A0A453QH48_AEGTS	34.375	32	20	1	7	38	13	43	0.83	31.2
FGENESH_gene3	tr|A0A453ENP1|A0A453ENP1_AEGTS	50.000	26	12	1	14	39	307	331	0.85	35.0
FGENESH_gene3	tr|A0A453GVN0|A0A453GVN0_AEGTS	32.692	52	34	1	1	52	190	240	0.85	34.7
FGENESH_gene3	tr|A0A453RJV0|A0A453RJV0_AEGTS	33.333	54	32	2	6	59	238	287	0.85	34.7
FGENESH_gene3	tr|A0A453M8L2|A0A453M8L2_AEGTS	40.625	32	18	1	14	45	127	157	0.87	34.3
FGENESH_gene3	tr|A0A453ENK6|A0A453ENK6_AEGTS	50.000	26	12	1	14	39	128	152	0.88	34.3
FGENESH_gene3	tr|A0A453RE36|A0A453RE36_AEGTS	50.000	26	12	1	14	39	307	331	0.89	34.7
FGENESH_gene3	tr|A0A453PIK6|A0A453PIK6_AEGTS	44.118	34	16	2	6	38	34	65	0.90	32.0
FGENESH_gene3	tr|A0A453RE31|A0A453RE31_AEGTS	50.000	26	12	1	14	39	307	331	0.91	34.7
FGENESH_gene3	tr|A0A453ENJ6|A0A453ENJ6_AEGTS	50.000	26	12	1	14	39	357	381	0.93	34.7
FGENESH_gene3	tr|A0A453C286|A0A453C286_AEGTS	39.394	33	19	1	8	40	120	151	0.93	34.3
FGENESH_gene3	tr|A0A453ENJ9|A0A453ENJ9_AEGTS	50.000	26	12	1	14	39	35	59	0.96	33.1
FGENESH_gene3	tr|A0A453CKQ7|A0A453CKQ7_AEGTS	39.286	28	17	0	12	39	106	133	0.98	33.9
FGENESH_gene3	tr|A0A453ENK1|A0A453ENK1_AEGTS	50.000	26	12	1	14	39	307	331	0.99	34.7
FGENESH_gene3	tr|A0A453ENK5|A0A453ENK5_AEGTS	50.000	26	12	1	14	39	307	331	0.99	34.7
FGENESH_gene3	tr|A0A453ENL0|A0A453ENL0_AEGTS	50.000	26	12	1	14	39	307	331	1.0	34.7
FGENESH_gene3	tr|A0A453JY89|A0A453JY89_AEGTS	45.455	33	17	1	6	38	97	128	1.0	33.1
FGENESH_gene3	tr|A0A453ENH8|A0A453ENH8_AEGTS	50.000	26	12	1	14	39	356	380	1.1	34.7
FGENESH_gene3	tr|A0A453ENH4|A0A453ENH4_AEGTS	50.000	26	12	1	14	39	307	331	1.1	34.7
FGENESH_gene3	tr|A0A453JR51|A0A453JR51_AEGTS	22.353	170	115	5	168	333	207	363	1.1	34.3
FGENESH_gene3	tr|A0A453GT99|A0A453GT99_AEGTS	34.043	47	31	0	517	563	20	66	1.1	33.1
FGENESH_gene3	tr|A0A453ENI9|A0A453ENI9_AEGTS	50.000	26	12	1	14	39	307	331	1.2	34.3
FGENESH_gene3	tr|A0A453ENK8|A0A453ENK8_AEGTS	50.000	26	12	1	14	39	128	152	1.2	33.9
FGENESH_gene3	tr|A0A453DMQ4|A0A453DMQ4_AEGTS	37.931	29	17	1	14	42	96	123	1.3	32.7
FGENESH_gene3	tr|A0A452Y343|A0A452Y343_AEGTS	38.889	36	21	1	5	40	88	122	1.3	32.7
FGENESH_gene3	tr|A0A453ENQ1|A0A453ENQ1_AEGTS	50.000	26	12	1	14	39	307	331	1.3	34.3
FGENESH_gene3	tr|A0A453RQL8|A0A453RQL8_AEGTS	34.286	35	22	1	6	40	246	279	1.3	33.9
FGENESH_gene3	tr|A0A453ENP7|A0A453ENP7_AEGTS	50.000	26	12	1	14	39	128	152	1.3	33.9
FGENESH_gene3	tr|A0A453SYJ7|A0A453SYJ7_AEGTS	48.276	29	12	2	13	40	161	187	1.3	33.9
FGENESH_gene3	tr|A0A452Z3E7|A0A452Z3E7_AEGTS	36.170	47	26	2	1	47	228	270	1.4	33.9
FGENESH_gene3	tr|A0A453LFW5|A0A453LFW5_AEGTS	33.333	36	23	1	5	40	141	175	1.4	33.5
FGENESH_gene3	tr|A0A452Y0E2|A0A452Y0E2_AEGTS	38.000	50	24	3	6	55	100	142	1.4	32.7
FGENESH_gene3	tr|A0A453A6G5|A0A453A6G5_AEGTS	29.213	89	46	3	243	331	330	401	1.4	34.3
FGENESH_gene3	tr|A0A453JR16|A0A453JR16_AEGTS	22.353	170	115	5	168	333	195	351	1.4	33.9
FGENESH_gene3	tr|A0A453RBM5|A0A453RBM5_AEGTS	40.625	32	18	1	14	45	101	131	1.4	33.1
FGENESH_gene3	tr|A0A453I4P8|A0A453I4P8_AEGTS	48.000	25	12	1	14	38	64	87	1.5	32.3
FGENESH_gene3	tr|A0A453J196|A0A453J196_AEGTS	48.148	27	13	1	14	40	106	131	1.5	33.5
FGENESH_gene3	tr|A0A453MUG4|A0A453MUG4_AEGTS	42.424	33	18	1	9	40	242	274	1.5	34.3
FGENESH_gene3	tr|A0A453IP53|A0A453IP53_AEGTS	35.000	40	25	1	6	45	51	89	1.5	31.6
FGENESH_gene3	tr|A0A452Z3D3|A0A452Z3D3_AEGTS	36.170	47	26	2	1	47	156	198	1.6	33.5
FGENESH_gene3	tr|A0A453A6J1|A0A453A6J1_AEGTS	29.213	89	46	3	243	331	482	553	1.7	33.9
FGENESH_gene3	tr|A0A453PH75|A0A453PH75_AEGTS	48.000	25	12	1	14	38	85	108	1.7	32.3
FGENESH_gene3	tr|A0A453SR66|A0A453SR66_AEGTS	44.444	27	14	1	13	39	535	560	1.7	33.9
FGENESH_gene3	tr|A0A453K2F6|A0A453K2F6_AEGTS	41.667	24	14	0	14	37	24	47	1.8	32.3
FGENESH_gene3	tr|A0A453NCE2|A0A453NCE2_AEGTS	44.828	29	13	2	13	40	151	177	1.9	33.5
FGENESH_gene3	tr|A0A453PH31|A0A453PH31_AEGTS	48.000	25	12	1	14	38	89	112	1.9	32.3
FGENESH_gene3	tr|A0A453RBU0|A0A453RBU0_AEGTS	40.625	32	18	1	14	45	101	131	1.9	32.7
FGENESH_gene3	tr|A0A453MU63|A0A453MU63_AEGTS	42.424	33	18	1	9	40	162	194	2.1	33.5
FGENESH_gene3	tr|A0A453PAJ4|A0A453PAJ4_AEGTS	42.308	26	15	0	14	39	109	134	2.1	32.3
FGENESH_gene3	tr|A0A453QCU3|A0A453QCU3_AEGTS	46.154	26	14	0	14	39	218	243	2.1	33.1
FGENESH_gene3	tr|A0A453GP78|A0A453GP78_AEGTS	51.724	29	11	2	13	40	38	64	2.1	33.1
FGENESH_gene3	tr|A0A453CKR7|A0A453CKR7_AEGTS	42.308	26	15	0	14	39	158	183	2.2	33.1
FGENESH_gene3	tr|A0A453RQN0|A0A453RQN0_AEGTS	33.333	36	23	1	5	40	152	186	2.3	32.7
FGENESH_gene3	tr|A0A453CIV6|A0A453CIV6_AEGTS	39.394	33	19	1	6	38	686	717	2.3	33.5
FGENESH_gene3	tr|A0A452ZWU8|A0A452ZWU8_AEGTS	44.828	29	15	1	11	39	63	90	2.3	31.2
FGENESH_gene3	tr|A0A453PH66|A0A453PH66_AEGTS	48.000	25	12	1	14	38	98	121	2.3	32.0
FGENESH_gene3	tr|A0A453IC13|A0A453IC13_AEGTS	40.909	44	18	3	14	56	197	233	2.4	33.5
FGENESH_gene3	tr|A0A453CU12|A0A453CU12_AEGTS	42.308	26	14	1	14	39	3	27	2.4	29.6
FGENESH_gene3	tr|A0A453QGZ9|A0A453QGZ9_AEGTS	34.375	32	20	1	7	38	61	91	2.4	31.2
FGENESH_gene3	tr|A0A453MU89|A0A453MU89_AEGTS	42.424	33	18	1	9	40	156	188	2.4	33.1
FGENESH_gene3	tr|A0A453J105|A0A453J105_AEGTS	28.571	126	59	6	14	124	282	391	2.5	33.5
FGENESH_gene3	tr|A0A453FGH5|A0A453FGH5_AEGTS	35.135	37	23	1	13	49	137	172	2.6	32.7
FGENESH_gene3	tr|A0A453LG94|A0A453LG94_AEGTS	33.333	36	23	1	5	40	131	165	2.6	32.3
FGENESH_gene3	tr|A0A453K248|A0A453K248_AEGTS	41.667	24	14	0	14	37	35	58	2.6	32.0
FGENESH_gene3	tr|A0A453PH26|A0A453PH26_AEGTS	44.444	27	14	1	14	40	100	125	2.6	32.0
FGENESH_gene3	tr|A0A453TC82|A0A453TC82_AEGTS	41.667	36	20	1	14	49	142	176	2.7	32.7
FGENESH_gene3	tr|A0A453R0K6|A0A453R0K6_AEGTS	44.444	27	14	1	13	39	197	222	2.7	33.1
FGENESH_gene3	tr|A0A453HBT4|A0A453HBT4_AEGTS	33.333	24	16	0	14	37	24	47	2.7	30.0
FGENESH_gene3	tr|A0A453IE12|A0A453IE12_AEGTS	39.394	33	19	1	6	38	165	196	2.8	32.7
FGENESH_gene3	tr|A0A453K2C3|A0A453K2C3_AEGTS	41.667	24	14	0	14	37	85	108	2.8	32.3
FGENESH_gene3	tr|A0A453IE78|A0A453IE78_AEGTS	39.394	33	19	1	6	38	164	195	2.8	32.7
FGENESH_gene3	tr|A0A453IE74|A0A453IE74_AEGTS	39.394	33	19	1	6	38	179	210	2.9	32.7
FGENESH_gene3	tr|A0A453IE60|A0A453IE60_AEGTS	39.394	33	19	1	6	38	185	216	3.0	32.7
FGENESH_gene3	tr|A0A453R718|A0A453R718_AEGTS	41.379	29	14	2	13	40	7	33	3.1	29.3
FGENESH_gene3	tr|A0A453NAZ9|A0A453NAZ9_AEGTS	31.034	58	31	3	14	71	147	195	3.1	32.3
FGENESH_gene3	tr|A0A453TC96|A0A453TC96_AEGTS	41.667	36	20	1	14	49	138	172	3.1	32.3
FGENESH_gene3	tr|A0A453QGA0|A0A453QGA0_AEGTS	26.667	90	60	2	74	157	353	442	3.2	33.1
FGENESH_gene3	tr|A0A453QD89|A0A453QD89_AEGTS	42.308	26	15	0	14	39	76	101	3.2	31.2
FGENESH_gene3	tr|A0A453QGB0|A0A453QGB0_AEGTS	26.667	90	60	2	74	157	335	424	3.2	33.1
FGENESH_gene3	tr|A0A453MU80|A0A453MU80_AEGTS	42.424	33	18	1	9	40	216	248	3.3	33.1
FGENESH_gene3	tr|A0A453PH92|A0A453PH92_AEGTS	48.000	25	12	1	14	38	106	129	3.3	32.0
FGENESH_gene3	tr|A0A453QFU9|A0A453QFU9_AEGTS	26.667	90	60	2	74	157	469	558	3.4	33.1
FGENESH_gene3	tr|A0A453B408|A0A453B408_AEGTS	25.444	169	113	5	178	344	1	158	3.6	32.7
FGENESH_gene3	tr|A0A453NB30|A0A453NB30_AEGTS	44.444	27	14	1	14	40	136	161	3.6	32.0
FGENESH_gene3	tr|A0A452ZWU5|A0A452ZWU5_AEGTS	44.828	29	15	1	11	39	93	120	3.7	31.2
FGENESH_gene3	tr|A0A453IQI3|A0A453IQI3_AEGTS	35.000	40	25	1	6	45	237	275	3.7	32.3
FGENESH_gene3	tr|A0A453L0H0|A0A453L0H0_AEGTS	51.852	27	10	2	14	39	48	72	3.7	32.3
FGENESH_gene3	tr|A0A453QFV4|A0A453QFV4_AEGTS	26.667	90	60	2	74	157	364	453	3.8	33.1
FGENESH_gene3	tr|A0A453B3X6|A0A453B3X6_AEGTS	25.444	169	113	5	178	344	1	158	3.8	32.7
FGENESH_gene3	tr|A0A453G8A1|A0A453G8A1_AEGTS	40.741	27	15	1	13	39	14	39	3.9	29.3
FGENESH_gene3	tr|A0A453DL36|A0A453DL36_AEGTS	31.429	35	24	0	6	40	124	158	3.9	32.3
FGENESH_gene3	tr|A0A453QFR7|A0A453QFR7_AEGTS	26.667	90	60	2	74	157	363	452	3.9	33.1
FGENESH_gene3	tr|A0A453CIZ1|A0A453CIZ1_AEGTS	39.394	33	19	1	6	38	343	374	3.9	32.7
FGENESH_gene3	tr|A0A453B3Q9|A0A453B3Q9_AEGTS	25.595	168	112	5	178	343	1	157	4.0	32.3
FGENESH_gene3	tr|A0A453IE71|A0A453IE71_AEGTS	39.394	33	19	1	6	38	318	349	4.0	32.7
FGENESH_gene3	tr|A0A453IE68|A0A453IE68_AEGTS	39.394	33	19	1	6	38	319	350	4.0	32.7
FGENESH_gene3	tr|A0A453PB96|A0A453PB96_AEGTS	40.541	37	18	3	6	40	180	214	4.0	32.7
FGENESH_gene3	tr|A0A453EEH3|A0A453EEH3_AEGTS	40.741	27	15	1	14	40	142	167	4.1	32.0
FGENESH_gene3	tr|A0A453D8F0|A0A453D8F0_AEGTS	41.176	34	19	1	6	39	64	96	4.2	30.8
FGENESH_gene3	tr|A0A453IZ50|A0A453IZ50_AEGTS	46.875	32	16	1	14	45	241	271	4.2	32.7
FGENESH_gene3	tr|A0A453LFU7|A0A453LFU7_AEGTS	34.286	35	22	1	6	40	19	52	4.2	29.6
FGENESH_gene3	tr|A0A453EEF9|A0A453EEF9_AEGTS	40.741	27	15	1	14	40	139	164	4.2	32.0
FGENESH_gene3	tr|A0A453QFR0|A0A453QFR0_AEGTS	26.667	90	60	2	74	157	349	438	4.3	32.7
FGENESH_gene3	tr|A0A453QFM4|A0A453QFM4_AEGTS	26.667	90	60	2	74	157	361	450	4.4	32.7
FGENESH_gene3	tr|A0A453RQV1|A0A453RQV1_AEGTS	48.148	27	11	2	13	38	207	231	4.4	32.0
FGENESH_gene3	tr|A0A453C392|A0A453C392_AEGTS	48.276	29	12	2	13	40	143	169	4.4	32.3
FGENESH_gene3	tr|A0A452ZWW2|A0A452ZWW2_AEGTS	44.828	29	15	1	11	39	116	143	4.5	31.6
FGENESH_gene3	tr|A0A453CLE6|A0A453CLE6_AEGTS	43.750	32	17	1	14	45	34	64	4.6	30.8
FGENESH_gene3	tr|A0A453A9J4|A0A453A9J4_AEGTS	39.394	33	19	1	6	38	8	39	4.6	29.3
FGENESH_gene3	tr|A0A453CKX4|A0A453CKX4_AEGTS	46.000	50	21	3	14	62	179	223	4.6	32.0
FGENESH_gene3	tr|A0A453DL43|A0A453DL43_AEGTS	31.429	35	24	0	6	40	243	277	4.7	32.7
FGENESH_gene3	tr|A0A452YQA4|A0A452YQA4_AEGTS	36.000	50	29	2	14	62	152	199	4.7	32.0
FGENESH_gene3	tr|A0A453B403|A0A453B403_AEGTS	25.595	168	112	5	178	343	1	157	4.8	32.3
FGENESH_gene3	tr|A0A452YQ93|A0A452YQ93_AEGTS	36.000	50	29	2	14	62	62	109	4.9	31.2
FGENESH_gene3	tr|A0A453QCU6|A0A453QCU6_AEGTS	42.308	26	15	0	14	39	114	139	5.0	31.2
FGENESH_gene3	tr|A0A453JV98|A0A453JV98_AEGTS	39.474	38	20	2	2	38	39	74	5.0	30.0
FGENESH_gene3	tr|A0A453QFS6|A0A453QFS6_AEGTS	25.510	98	66	2	67	157	105	202	5.1	32.7
FGENESH_gene3	tr|A0A453JQY6|A0A453JQY6_AEGTS	26.582	79	56	2	168	244	146	224	5.1	32.0
FGENESH_gene3	tr|A0A453QXI6|A0A453QXI6_AEGTS	35.135	37	21	1	6	39	30	66	5.2	30.0
FGENESH_gene3	tr|A0A453RPD6|A0A453RPD6_AEGTS	38.235	34	20	1	6	38	38	71	5.2	30.8
FGENESH_gene3	tr|A0A453QFQ6|A0A453QFQ6_AEGTS	25.510	98	66	2	67	157	69	166	5.4	32.3
FGENESH_gene3	tr|A0A453JQY1|A0A453JQY1_AEGTS	26.582	79	56	2	168	244	299	377	5.7	32.3
FGENESH_gene3	tr|A0A453I4I8|A0A453I4I8_AEGTS	34.615	52	29	2	13	64	131	177	5.9	31.6
FGENESH_gene3	tr|A0A452ZWV3|A0A452ZWV3_AEGTS	44.828	29	15	1	11	39	435	462	5.9	32.3
FGENESH_gene3	tr|A0A453CLE7|A0A453CLE7_AEGTS	43.750	32	17	1	14	45	111	141	6.0	31.6
FGENESH_gene3	tr|A0A452ZWS7|A0A452ZWS7_AEGTS	44.828	29	15	1	11	39	432	459	6.0	32.3
FGENESH_gene3	tr|A0A453L0V0|A0A453L0V0_AEGTS	33.333	63	30	4	13	69	131	187	6.0	32.0
FGENESH_gene3	tr|A0A453CU20|A0A453CU20_AEGTS	35.294	34	21	1	6	39	79	111	6.1	30.4
FGENESH_gene3	tr|A0A453PH78|A0A453PH78_AEGTS	44.444	27	14	1	14	40	44	69	6.2	30.0
FGENESH_gene3	tr|A0A453FE19|A0A453FE19_AEGTS	38.235	34	20	1	6	39	393	425	6.3	32.0
FGENESH_gene3	tr|A0A453FEC2|A0A453FEC2_AEGTS	38.235	34	20	1	6	39	394	426	6.3	32.0
FGENESH_gene3	tr|A0A453QDY0|A0A453QDY0_AEGTS	25.424	59	39	1	1	59	115	168	6.3	32.3
FGENESH_gene3	tr|A0A453JR09|A0A453JR09_AEGTS	26.582	79	56	2	168	244	333	411	6.4	32.0
FGENESH_gene3	tr|A0A453D801|A0A453D801_AEGTS	41.176	34	19	1	6	39	90	122	6.4	30.8
FGENESH_gene3	tr|A0A453L0J4|A0A453L0J4_AEGTS	51.852	27	10	2	14	39	175	199	6.4	32.0
FGENESH_gene3	tr|A0A452ZWT2|A0A452ZWT2_AEGTS	44.828	29	15	1	11	39	464	491	6.6	32.0
FGENESH_gene3	tr|A0A453DL33|A0A453DL33_AEGTS	31.429	35	24	0	6	40	247	281	6.7	32.0
FGENESH_gene3	tr|A0A453DL14|A0A453DL14_AEGTS	31.429	35	24	0	6	40	250	284	6.7	32.0
FGENESH_gene3	tr|A0A453DNX1|A0A453DNX1_AEGTS	27.160	81	58	1	369	449	69	148	7.1	32.0
FGENESH_gene3	tr|A0A453QDX3|A0A453QDX3_AEGTS	25.424	59	39	1	1	59	136	189	7.1	31.6
FGENESH_gene3	tr|A0A453DP05|A0A453DP05_AEGTS	27.160	81	58	1	369	449	526	605	7.2	32.0
FGENESH_gene3	tr|A0A452ZLZ1|A0A452ZLZ1_AEGTS	33.333	48	30	2	2	49	122	167	7.2	31.2
FGENESH_gene3	tr|A0A452ZWV7|A0A452ZWV7_AEGTS	44.828	29	15	1	11	39	446	473	7.2	32.0
FGENESH_gene3	tr|A0A453S4H1|A0A453S4H1_AEGTS	31.429	35	24	0	6	40	302	336	7.4	32.0
FGENESH_gene3	tr|A0A453DNY1|A0A453DNY1_AEGTS	27.160	81	58	1	369	449	423	502	7.4	32.0
FGENESH_gene3	tr|A0A453CWP4|A0A453CWP4_AEGTS	40.541	37	18	3	6	40	172	206	7.5	32.0
FGENESH_gene3	tr|A0A452ZWS9|A0A452ZWS9_AEGTS	44.828	29	15	1	11	39	468	495	7.5	32.0
FGENESH_gene3	tr|A0A452ZWT5|A0A452ZWT5_AEGTS	44.828	29	15	1	11	39	465	492	7.6	32.0
FGENESH_gene3	tr|A0A453PSZ7|A0A453PSZ7_AEGTS	30.769	39	26	1	2	40	228	265	7.6	31.6
FGENESH_gene3	tr|A0A452ZLX9|A0A452ZLX9_AEGTS	35.135	37	23	1	13	49	156	191	7.6	31.2
FGENESH_gene3	tr|A0A453I0E8|A0A453I0E8_AEGTS	28.814	59	37	2	11	69	151	204	7.6	31.6
FGENESH_gene3	tr|A0A453QFR5|A0A453QFR5_AEGTS	26.667	90	60	2	74	157	68	157	7.7	31.2
FGENESH_gene3	tr|A0A453L0W8|A0A453L0W8_AEGTS	33.333	63	30	4	13	69	143	199	7.7	31.6
FGENESH_gene3	tr|A0A453QEC3|A0A453QEC3_AEGTS	25.424	59	39	1	1	59	166	219	7.7	32.0
FGENESH_gene3	tr|A0A453CLJ5|A0A453CLJ5_AEGTS	43.750	32	17	1	14	45	32	62	7.7	30.4
FGENESH_gene3	tr|A0A453HB43|A0A453HB43_AEGTS	33.333	24	16	0	14	37	51	74	7.7	30.0
FGENESH_gene3	tr|A0A453QDY3|A0A453QDY3_AEGTS	25.424	59	39	1	1	59	154	207	7.7	32.0
FGENESH_gene3	tr|A0A453QDZ7|A0A453QDZ7_AEGTS	25.424	59	39	1	1	59	137	190	7.9	32.0
FGENESH_gene3	tr|A0A453AFR9|A0A453AFR9_AEGTS	30.556	36	25	0	5	40	104	139	7.9	30.8
FGENESH_gene3	tr|A0A453I0H6|A0A453I0H6_AEGTS	28.814	59	37	2	11	69	96	149	7.9	31.6
FGENESH_gene3	tr|A0A453DNZ1|A0A453DNZ1_AEGTS	27.160	81	58	1	369	449	525	604	8.0	32.0
FGENESH_gene3	tr|A0A453A5T8|A0A453A5T8_AEGTS	42.308	26	14	1	14	39	149	173	8.1	31.6
FGENESH_gene3	tr|A0A452ZWV1|A0A452ZWV1_AEGTS	44.828	29	15	1	11	39	497	524	8.2	32.0
FGENESH_gene3	tr|A0A453S4E7|A0A453S4E7_AEGTS	31.429	35	24	0	6	40	248	282	8.2	32.0
FGENESH_gene3	tr|A0A453S4A5|A0A453S4A5_AEGTS	31.429	35	24	0	6	40	316	350	8.4	32.0
FGENESH_gene3	tr|A0A452Y3F6|A0A452Y3F6_AEGTS	38.889	36	21	1	5	40	489	523	8.5	31.6
FGENESH_gene3	tr|A0A453JVN7|A0A453JVN7_AEGTS	38.462	39	21	2	2	39	231	267	8.5	31.6
FGENESH_gene3	tr|A0A453QGD6|A0A453QGD6_AEGTS	46.154	26	14	0	14	39	123	148	8.5	30.8
FGENESH_gene3	tr|A0A453JVD1|A0A453JVD1_AEGTS	38.462	39	21	2	2	39	172	208	8.5	31.2
FGENESH_gene3	tr|A0A453HBC2|A0A453HBC2_AEGTS	33.333	24	16	0	14	37	24	47	8.6	30.0
FGENESH_gene3	tr|A0A452Y348|A0A452Y348_AEGTS	38.889	36	21	1	5	40	496	530	8.6	31.6
FGENESH_gene3	tr|A0A453I0G9|A0A453I0G9_AEGTS	28.814	59	37	2	11	69	157	210	8.7	31.6
FGENESH_gene3	tr|A0A453I0H9|A0A453I0H9_AEGTS	28.814	59	37	2	11	69	209	262	8.7	31.6
FGENESH_gene3	tr|A0A452ZWU2|A0A452ZWU2_AEGTS	44.828	29	15	1	11	39	479	506	8.8	31.6
FGENESH_gene3	tr|A0A452ZWU0|A0A452ZWU0_AEGTS	44.828	29	15	1	11	39	479	506	8.8	31.6
FGENESH_gene3	tr|A0A453A5R9|A0A453A5R9_AEGTS	42.308	26	14	1	14	39	149	173	9.0	31.6
FGENESH_gene3	tr|A0A453I0M5|A0A453I0M5_AEGTS	28.814	59	37	2	11	69	96	149	9.1	31.6
FGENESH_gene3	tr|A0A453S4A1|A0A453S4A1_AEGTS	31.429	35	24	0	6	40	124	158	9.1	31.6
FGENESH_gene3	tr|A0A453I0E3|A0A453I0E3_AEGTS	28.814	59	37	2	11	69	205	258	9.3	31.6
FGENESH_gene3	tr|A0A453I0G5|A0A453I0G5_AEGTS	28.814	59	37	2	11	69	105	158	9.5	31.6
FGENESH_gene3	tr|A0A453I0H4|A0A453I0H4_AEGTS	28.814	59	37	2	11	69	205	258	9.7	31.6
FGENESH_gene3	tr|A0A453TBG9|A0A453TBG9_AEGTS	37.778	45	26	2	14	57	137	180	9.7	30.8
FGENESH_gene3	tr|A0A453Q3L2|A0A453Q3L2_AEGTS	50.000	26	12	1	14	39	182	206	9.9	31.2
FGENESH_gene3	tr|A0A453S4H8|A0A453S4H8_AEGTS	31.429	35	24	0	6	40	124	158	9.9	31.6
FGENESH_gene3	tr|A0A453AIW6|A0A453AIW6_AEGTS	52.000	25	11	1	14	38	161	184	10.0	30.8
FGENESH_gene4	tr|A0A453J5H7|A0A453J5H7_AEGTS	96.386	249	7	1	1	247	1	249	2.18e-177	489
FGENESH_gene4	tr|A0A453P3M3|A0A453P3M3_AEGTS	48.374	246	91	5	12	246	4	224	5.32e-67	210
FGENESH_gene4	tr|A0A453J5H3|A0A453J5H3_AEGTS	100.000	91	0	0	1	91	1	91	4.00e-61	189
FGENESH_gene4	tr|A0A453CE87|A0A453CE87_AEGTS	73.333	120	29	1	15	131	19	138	5.07e-60	191
FGENESH_gene4	tr|A0A453PN61|A0A453PN61_AEGTS	67.647	102	33	0	16	117	13	114	3.35e-48	158
FGENESH_gene4	tr|A0A453PN20|A0A453PN20_AEGTS	65.094	106	37	0	12	117	9	114	6.40e-48	162
FGENESH_gene4	tr|A0A453PMR9|A0A453PMR9_AEGTS	67.647	102	33	0	16	117	13	114	8.52e-48	162
FGENESH_gene4	tr|A0A453JCC8|A0A453JCC8_AEGTS	66.667	102	34	0	16	117	14	115	4.16e-47	160
FGENESH_gene4	tr|A0A453QDG8|A0A453QDG8_AEGTS	65.686	102	35	0	16	117	14	115	1.09e-46	160
FGENESH_gene4	tr|A0A453QDV5|A0A453QDV5_AEGTS	65.686	102	35	0	16	117	14	115	1.33e-46	159
FGENESH_gene4	tr|A0A453QDJ1|A0A453QDJ1_AEGTS	65.686	102	35	0	16	117	14	115	2.39e-46	159
FGENESH_gene4	tr|A0A453QDH2|A0A453QDH2_AEGTS	65.686	102	35	0	16	117	14	115	2.39e-46	159
FGENESH_gene4	tr|A0A453QDI6|A0A453QDI6_AEGTS	65.686	102	35	0	16	117	61	162	2.78e-46	160
FGENESH_gene4	tr|A0A452XWE9|A0A452XWE9_AEGTS	59.829	117	47	0	1	117	31	147	4.13e-46	158
FGENESH_gene4	tr|A0A453DQ29|A0A453DQ29_AEGTS	63.717	113	41	0	5	117	28	140	1.67e-45	154
FGENESH_gene4	tr|A0A453R565|A0A453R565_AEGTS	61.321	106	41	0	12	117	9	114	1.81e-45	156
FGENESH_gene4	tr|A0A453DQ54|A0A453DQ54_AEGTS	63.717	113	41	0	5	117	9	121	2.93e-45	152
FGENESH_gene4	tr|A0A453JYL8|A0A453JYL8_AEGTS	49.677	155	56	2	16	160	69	211	5.15e-45	152
FGENESH_gene4	tr|A0A453JYP5|A0A453JYP5_AEGTS	64.706	102	36	0	16	117	20	121	5.65e-45	150
FGENESH_gene4	tr|A0A453HUZ4|A0A453HUZ4_AEGTS	65.686	102	35	0	16	117	12	113	6.93e-45	151
FGENESH_gene4	tr|A0A453JYP6|A0A453JYP6_AEGTS	64.706	102	36	0	16	117	20	121	9.90e-45	150
FGENESH_gene4	tr|A0A453JYP9|A0A453JYP9_AEGTS	64.706	102	36	0	16	117	18	119	9.91e-45	150
FGENESH_gene4	tr|A0A453HUL1|A0A453HUL1_AEGTS	65.686	102	35	0	16	117	12	113	1.17e-44	152
FGENESH_gene4	tr|A0A453P481|A0A453P481_AEGTS	53.435	131	50	1	16	135	13	143	1.37e-44	152
FGENESH_gene4	tr|A0A453JYP7|A0A453JYP7_AEGTS	64.706	102	36	0	16	117	37	138	1.73e-44	149
FGENESH_gene4	tr|A0A453AM28|A0A453AM28_AEGTS	63.725	102	37	0	16	117	28	129	2.96e-44	148
FGENESH_gene4	tr|A0A453C533|A0A453C533_AEGTS	66.667	102	34	0	16	117	13	114	3.81e-44	153
FGENESH_gene4	tr|A0A453C549|A0A453C549_AEGTS	66.667	102	34	0	16	117	13	114	4.07e-44	150
FGENESH_gene4	tr|A0A453AM42|A0A453AM42_AEGTS	63.725	102	37	0	16	117	15	116	4.58e-44	147
FGENESH_gene4	tr|A0A453P499|A0A453P499_AEGTS	53.435	131	50	1	16	135	13	143	4.67e-44	150
FGENESH_gene4	tr|A0A452XPN7|A0A452XPN7_AEGTS	68.627	102	32	0	16	117	57	158	4.95e-44	150
FGENESH_gene4	tr|A0A453P465|A0A453P465_AEGTS	63.725	102	37	0	16	117	76	177	5.84e-44	152
FGENESH_gene4	tr|A0A453P483|A0A453P483_AEGTS	56.198	121	42	1	16	125	13	133	6.40e-44	150
FGENESH_gene4	tr|A0A453AM19|A0A453AM19_AEGTS	63.725	102	37	0	16	117	22	123	7.43e-44	147
FGENESH_gene4	tr|A0A453JYP8|A0A453JYP8_AEGTS	64.706	102	36	0	16	117	59	160	9.06e-44	151
FGENESH_gene4	tr|A0A453AM32|A0A453AM32_AEGTS	63.725	102	37	0	16	117	20	121	1.19e-43	147
FGENESH_gene4	tr|A0A453AM44|A0A453AM44_AEGTS	63.725	102	37	0	16	117	21	122	1.23e-43	147
FGENESH_gene4	tr|A0A453GY08|A0A453GY08_AEGTS	62.385	109	41	0	9	117	89	197	1.33e-43	151
FGENESH_gene4	tr|A0A453DSZ8|A0A453DSZ8_AEGTS	65.686	102	35	0	16	117	29	130	2.08e-43	151
FGENESH_gene4	tr|A0A453CFM7|A0A453CFM7_AEGTS	64.706	102	36	0	16	117	14	115	6.15e-43	147
FGENESH_gene4	tr|A0A453CFP2|A0A453CFP2_AEGTS	64.706	102	36	0	16	117	14	115	7.53e-43	148
FGENESH_gene4	tr|A0A453P495|A0A453P495_AEGTS	62.500	104	39	0	14	117	11	114	9.88e-43	146
FGENESH_gene4	tr|A0A453PMS9|A0A453PMS9_AEGTS	54.264	129	32	1	16	117	13	141	9.94e-43	150
FGENESH_gene4	tr|A0A452ZYE4|A0A452ZYE4_AEGTS	62.500	104	39	0	16	119	21	124	1.03e-42	146
FGENESH_gene4	tr|A0A453NF98|A0A453NF98_AEGTS	57.377	122	47	1	7	128	19	135	1.34e-42	150
FGENESH_gene4	tr|A0A453AM36|A0A453AM36_AEGTS	63.725	102	37	0	16	117	22	123	1.39e-42	149
FGENESH_gene4	tr|A0A453F3T2|A0A453F3T2_AEGTS	54.918	122	46	1	16	137	15	127	1.58e-42	145
FGENESH_gene4	tr|A0A453F3Q6|A0A453F3Q6_AEGTS	54.918	122	46	1	16	137	15	127	1.60e-42	145
FGENESH_gene4	tr|A0A453P5Y3|A0A453P5Y3_AEGTS	62.745	102	38	0	16	117	13	114	1.88e-42	147
FGENESH_gene4	tr|A0A453FAS6|A0A453FAS6_AEGTS	62.745	102	38	0	16	117	27	128	2.33e-42	147
FGENESH_gene4	tr|A0A453FAD9|A0A453FAD9_AEGTS	62.745	102	38	0	16	117	27	128	2.80e-42	146
FGENESH_gene4	tr|A0A453G1M5|A0A453G1M5_AEGTS	63.366	101	37	0	17	117	14	114	2.98e-42	144
FGENESH_gene4	tr|A0A453CWF7|A0A453CWF7_AEGTS	63.462	104	36	1	16	117	14	117	4.05e-42	147
FGENESH_gene4	tr|A0A453QUP0|A0A453QUP0_AEGTS	60.177	113	40	1	16	128	41	148	4.60e-42	148
FGENESH_gene4	tr|A0A453G1V5|A0A453G1V5_AEGTS	53.435	131	60	1	17	147	14	143	5.45e-42	143
FGENESH_gene4	tr|A0A453G1N3|A0A453G1N3_AEGTS	63.366	101	37	0	17	117	14	114	5.71e-42	144
FGENESH_gene4	tr|A0A453GXR0|A0A453GXR0_AEGTS	61.818	110	41	1	9	117	84	193	6.30e-42	147
FGENESH_gene4	tr|A0A453G1T8|A0A453G1T8_AEGTS	63.366	101	37	0	17	117	14	114	6.61e-42	141
FGENESH_gene4	tr|A0A453BAR0|A0A453BAR0_AEGTS	60.784	102	40	0	16	117	13	114	7.43e-42	147
FGENESH_gene4	tr|A0A453LGT7|A0A453LGT7_AEGTS	60.377	106	42	0	17	122	14	119	8.47e-42	143
FGENESH_gene4	tr|A0A453JY54|A0A453JY54_AEGTS	63.889	108	39	0	16	123	9	116	8.91e-42	144
FGENESH_gene4	tr|A0A453G1U5|A0A453G1U5_AEGTS	63.366	101	37	0	17	117	14	114	9.03e-42	141
FGENESH_gene4	tr|A0A453HIE4|A0A453HIE4_AEGTS	62.376	101	38	0	17	117	14	114	9.71e-42	141
FGENESH_gene4	tr|A0A453LH13|A0A453LH13_AEGTS	60.377	106	42	0	17	122	14	119	9.79e-42	142
FGENESH_gene4	tr|A0A453DEI3|A0A453DEI3_AEGTS	64.078	103	36	1	16	117	13	115	1.02e-41	144
FGENESH_gene4	tr|A0A453QUC0|A0A453QUC0_AEGTS	60.177	113	40	1	16	128	41	148	1.06e-41	149
FGENESH_gene4	tr|A0A453LGS7|A0A453LGS7_AEGTS	60.377	106	42	0	17	122	14	119	1.09e-41	142
FGENESH_gene4	tr|A0A453HQM8|A0A453HQM8_AEGTS	56.780	118	49	1	16	133	13	128	1.12e-41	142
FGENESH_gene4	tr|A0A453LGV7|A0A453LGV7_AEGTS	60.377	106	42	0	17	122	14	119	1.13e-41	142
FGENESH_gene4	tr|A0A453P478|A0A453P478_AEGTS	54.098	122	44	1	16	125	13	134	1.21e-41	144
FGENESH_gene4	tr|A0A453CHQ0|A0A453CHQ0_AEGTS	45.625	160	75	1	16	163	13	172	1.34e-41	142
FGENESH_gene4	tr|A0A452Z6J6|A0A452Z6J6_AEGTS	62.264	106	40	0	17	122	14	119	1.48e-41	142
FGENESH_gene4	tr|A0A452Z6I9|A0A452Z6I9_AEGTS	62.264	106	40	0	17	122	14	119	1.48e-41	142
FGENESH_gene4	tr|A0A452Z6J7|A0A452Z6J7_AEGTS	63.366	101	37	0	17	117	14	114	1.49e-41	142
FGENESH_gene4	tr|A0A453GK36|A0A453GK36_AEGTS	62.376	101	38	0	17	117	14	114	1.72e-41	144
FGENESH_gene4	tr|A0A453HQC4|A0A453HQC4_AEGTS	61.765	102	39	0	16	117	13	114	1.75e-41	142
FGENESH_gene4	tr|A0A453IHW1|A0A453IHW1_AEGTS	61.765	102	39	0	16	117	7	108	1.91e-41	143
FGENESH_gene4	tr|A0A453LGG9|A0A453LGG9_AEGTS	60.377	106	42	0	17	122	14	119	1.96e-41	144
FGENESH_gene4	tr|A0A452Z6L5|A0A452Z6L5_AEGTS	62.264	106	40	0	17	122	14	119	2.00e-41	142
FGENESH_gene4	tr|A0A453HID5|A0A453HID5_AEGTS	62.376	101	38	0	17	117	14	114	2.20e-41	142
FGENESH_gene4	tr|A0A453LGS1|A0A453LGS1_AEGTS	60.377	106	42	0	17	122	14	119	2.43e-41	144
FGENESH_gene4	tr|A0A453HQ75|A0A453HQ75_AEGTS	61.765	102	39	0	16	117	13	114	2.54e-41	141
FGENESH_gene4	tr|A0A453ML71|A0A453ML71_AEGTS	61.765	102	39	0	16	117	15	116	2.86e-41	144
FGENESH_gene4	tr|A0A453HIE5|A0A453HIE5_AEGTS	62.376	101	38	0	17	117	14	114	2.97e-41	141
FGENESH_gene4	tr|A0A452Z6J5|A0A452Z6J5_AEGTS	62.264	106	40	0	17	122	14	119	3.28e-41	142
FGENESH_gene4	tr|A0A452Z6J3|A0A452Z6J3_AEGTS	62.264	106	40	0	17	122	29	134	3.56e-41	143
FGENESH_gene4	tr|A0A453CHW6|A0A453CHW6_AEGTS	60.784	102	40	0	16	117	13	114	3.61e-41	144
FGENESH_gene4	tr|A0A453PBF7|A0A453PBF7_AEGTS	60.396	101	40	0	17	117	16	116	3.63e-41	144
FGENESH_gene4	tr|A0A453HIE0|A0A453HIE0_AEGTS	62.376	101	38	0	17	117	14	114	4.06e-41	141
FGENESH_gene4	tr|A0A453FRX8|A0A453FRX8_AEGTS	59.615	104	42	0	16	119	42	145	4.31e-41	149
FGENESH_gene4	tr|A0A453PBM1|A0A453PBM1_AEGTS	60.396	101	40	0	17	117	16	116	4.52e-41	145
FGENESH_gene4	tr|A0A453MLA1|A0A453MLA1_AEGTS	61.765	102	39	0	16	117	15	116	5.55e-41	139
FGENESH_gene4	tr|A0A453HQM3|A0A453HQM3_AEGTS	61.765	102	39	0	16	117	13	114	6.01e-41	144
FGENESH_gene4	tr|A0A453FRX7|A0A453FRX7_AEGTS	59.615	104	42	0	16	119	66	169	6.03e-41	149
FGENESH_gene4	tr|A0A453HID1|A0A453HID1_AEGTS	62.376	101	38	0	17	117	53	153	6.28e-41	144
FGENESH_gene4	tr|A0A453HPU5|A0A453HPU5_AEGTS	61.765	102	39	0	16	117	13	114	6.37e-41	140
FGENESH_gene4	tr|A0A453PHK2|A0A453PHK2_AEGTS	61.765	102	39	0	16	117	13	114	6.96e-41	139
FGENESH_gene4	tr|A0A453FRN8|A0A453FRN8_AEGTS	60.784	102	40	0	16	117	88	189	7.14e-41	149
FGENESH_gene4	tr|A0A453FRU6|A0A453FRU6_AEGTS	60.784	102	40	0	16	117	97	198	7.68e-41	149
FGENESH_gene4	tr|A0A453G1V0|A0A453G1V0_AEGTS	63.366	101	37	0	17	117	119	219	7.86e-41	145
FGENESH_gene4	tr|A0A453G9I2|A0A453G9I2_AEGTS	62.745	102	38	0	16	117	38	139	1.01e-40	143
FGENESH_gene4	tr|A0A453PBD0|A0A453PBD0_AEGTS	60.396	101	40	0	17	117	16	116	1.27e-40	144
FGENESH_gene4	tr|A0A453LEZ9|A0A453LEZ9_AEGTS	64.078	103	36	1	16	117	13	115	1.29e-40	139
FGENESH_gene4	tr|A0A453LF26|A0A453LF26_AEGTS	45.833	168	80	5	16	182	13	170	1.87e-40	142
FGENESH_gene4	tr|A0A453DEH8|A0A453DEH8_AEGTS	62.745	102	38	0	16	117	13	114	2.31e-40	144
FGENESH_gene4	tr|A0A453G1L9|A0A453G1L9_AEGTS	63.725	102	36	1	17	117	88	189	2.64e-40	139
FGENESH_gene4	tr|A0A453KXK9|A0A453KXK9_AEGTS	60.784	102	40	0	16	117	13	114	2.66e-40	138
FGENESH_gene4	tr|A0A453RQQ7|A0A453RQQ7_AEGTS	46.452	155	82	1	17	171	14	167	3.02e-40	138
FGENESH_gene4	tr|A0A453LET9|A0A453LET9_AEGTS	64.078	103	36	1	16	117	13	115	3.22e-40	141
FGENESH_gene4	tr|A0A453CW21|A0A453CW21_AEGTS	61.386	101	39	0	17	117	16	116	3.41e-40	141
FGENESH_gene4	tr|A0A453KXK6|A0A453KXK6_AEGTS	60.784	102	40	0	16	117	13	114	3.47e-40	138
FGENESH_gene4	tr|A0A453CWF4|A0A453CWF4_AEGTS	61.386	101	39	0	17	117	16	116	3.70e-40	143
FGENESH_gene4	tr|A0A453CWE9|A0A453CWE9_AEGTS	60.784	102	40	0	16	117	15	116	3.82e-40	143
FGENESH_gene4	tr|A0A453CW82|A0A453CW82_AEGTS	60.784	102	40	0	16	117	15	116	4.25e-40	142
FGENESH_gene4	tr|A0A453J2B7|A0A453J2B7_AEGTS	60.000	110	43	1	16	124	4	113	4.75e-40	139
FGENESH_gene4	tr|A0A453KSJ1|A0A453KSJ1_AEGTS	61.765	102	39	0	16	117	13	114	5.21e-40	141
FGENESH_gene4	tr|A0A453KXT3|A0A453KXT3_AEGTS	60.784	102	40	0	16	117	13	114	5.99e-40	139
FGENESH_gene4	tr|A0A453RQQ2|A0A453RQQ2_AEGTS	60.396	101	40	0	17	117	14	114	6.69e-40	137
FGENESH_gene4	tr|A0A453RQE7|A0A453RQE7_AEGTS	60.396	101	40	0	17	117	14	114	7.02e-40	137
FGENESH_gene4	tr|A0A453B0U2|A0A453B0U2_AEGTS	60.784	102	40	0	16	117	13	114	7.47e-40	137
FGENESH_gene4	tr|A0A453RQD3|A0A453RQD3_AEGTS	49.645	141	50	1	17	136	14	154	7.68e-40	137
FGENESH_gene4	tr|A0A453RQK3|A0A453RQK3_AEGTS	60.396	101	40	0	17	117	14	114	8.04e-40	137
FGENESH_gene4	tr|A0A453RQZ4|A0A453RQZ4_AEGTS	45.806	155	84	0	17	171	14	168	8.11e-40	137
FGENESH_gene4	tr|A0A453RQF2|A0A453RQF2_AEGTS	60.396	101	40	0	17	117	14	114	8.30e-40	138
FGENESH_gene4	tr|A0A453RQK9|A0A453RQK9_AEGTS	60.396	101	40	0	17	117	14	114	8.44e-40	137
FGENESH_gene4	tr|A0A453RQC8|A0A453RQC8_AEGTS	60.396	101	40	0	17	117	14	114	8.74e-40	136
FGENESH_gene4	tr|A0A453K7Q2|A0A453K7Q2_AEGTS	61.386	101	39	0	17	117	14	114	9.09e-40	140
FGENESH_gene4	tr|A0A453B0Q0|A0A453B0Q0_AEGTS	60.784	102	40	0	16	117	13	114	9.32e-40	139
FGENESH_gene4	tr|A0A453RQY7|A0A453RQY7_AEGTS	60.396	101	40	0	17	117	14	114	9.40e-40	138
FGENESH_gene4	tr|A0A453HU18|A0A453HU18_AEGTS	57.759	116	49	0	9	124	2	117	9.68e-40	139
FGENESH_gene4	tr|A0A453RQJ7|A0A453RQJ7_AEGTS	60.396	101	40	0	17	117	14	114	1.24e-39	139
FGENESH_gene4	tr|A0A452ZE47|A0A452ZE47_AEGTS	59.804	102	41	0	16	117	41	142	1.54e-39	139
FGENESH_gene4	tr|A0A453CW72|A0A453CW72_AEGTS	59.804	102	41	0	16	117	15	116	1.84e-39	141
FGENESH_gene4	tr|A0A453B0T7|A0A453B0T7_AEGTS	60.784	102	40	0	16	117	13	114	2.40e-39	140
FGENESH_gene4	tr|A0A453CWF8|A0A453CWF8_AEGTS	59.615	104	40	1	16	117	14	117	2.45e-39	136
FGENESH_gene4	tr|A0A453B0Q7|A0A453B0Q7_AEGTS	60.784	102	40	0	16	117	13	114	2.74e-39	137
FGENESH_gene4	tr|A0A453HQB4|A0A453HQB4_AEGTS	61.165	103	39	1	16	117	13	115	3.56e-39	139
FGENESH_gene4	tr|A0A453R2M8|A0A453R2M8_AEGTS	58.824	102	42	0	16	117	13	114	3.91e-39	138
FGENESH_gene4	tr|A0A453F950|A0A453F950_AEGTS	56.863	102	44	0	16	117	13	114	4.97e-39	134
FGENESH_gene4	tr|A0A452YG62|A0A452YG62_AEGTS	59.804	102	41	0	16	117	13	114	5.70e-39	137
FGENESH_gene4	tr|A0A452XXP8|A0A452XXP8_AEGTS	61.765	102	39	0	16	117	13	114	9.49e-39	141
FGENESH_gene4	tr|A0A452ZE32|A0A452ZE32_AEGTS	59.804	102	41	0	16	117	41	142	1.07e-38	140
FGENESH_gene4	tr|A0A453CW37|A0A453CW37_AEGTS	60.194	103	40	1	16	117	15	117	1.17e-38	139
FGENESH_gene4	tr|A0A453S7V8|A0A453S7V8_AEGTS	57.843	102	43	0	16	117	34	135	1.24e-38	138
FGENESH_gene4	tr|A0A453K0B2|A0A453K0B2_AEGTS	56.034	116	51	0	2	117	17	132	1.31e-38	140
FGENESH_gene4	tr|A0A453I9B3|A0A453I9B3_AEGTS	58.824	102	42	0	16	117	13	114	1.50e-38	139
FGENESH_gene4	tr|A0A452ZE92|A0A452ZE92_AEGTS	59.804	102	41	0	16	117	41	142	1.65e-38	141
FGENESH_gene4	tr|A0A452ZE40|A0A452ZE40_AEGTS	59.804	102	41	0	16	117	41	142	1.65e-38	141
FGENESH_gene4	tr|A0A453J0Q2|A0A453J0Q2_AEGTS	53.398	103	48	0	14	116	11	113	2.42e-38	135
FGENESH_gene4	tr|A0A453PHT7|A0A453PHT7_AEGTS	60.577	104	39	1	16	117	13	116	2.58e-38	135
FGENESH_gene4	tr|A0A453RA32|A0A453RA32_AEGTS	61.765	102	39	0	16	117	66	167	3.03e-38	137
FGENESH_gene4	tr|A0A453CWG3|A0A453CWG3_AEGTS	59.615	104	40	1	16	117	14	117	3.20e-38	137
FGENESH_gene4	tr|A0A453F901|A0A453F901_AEGTS	56.863	102	44	0	16	117	13	114	3.77e-38	136
FGENESH_gene4	tr|A0A453F935|A0A453F935_AEGTS	56.863	102	44	0	16	117	13	114	4.09e-38	136
FGENESH_gene4	tr|A0A452XI77|A0A452XI77_AEGTS	58.824	102	42	0	16	117	13	114	4.42e-38	133
FGENESH_gene4	tr|A0A453KC72|A0A453KC72_AEGTS	58.586	99	41	0	16	114	13	111	4.45e-38	131
FGENESH_gene4	tr|A0A453K8B0|A0A453K8B0_AEGTS	60.784	102	39	1	17	117	14	115	4.90e-38	135
FGENESH_gene4	tr|A0A452XKR2|A0A452XKR2_AEGTS	57.843	102	43	0	16	117	13	114	5.07e-38	134
FGENESH_gene4	tr|A0A453FA90|A0A453FA90_AEGTS	60.784	102	40	0	16	117	18	119	6.34e-38	135
FGENESH_gene4	tr|A0A453KCH9|A0A453KCH9_AEGTS	58.586	99	41	0	16	114	13	111	6.52e-38	133
FGENESH_gene4	tr|A0A453KBT9|A0A453KBT9_AEGTS	58.586	99	41	0	16	114	13	111	7.90e-38	135
FGENESH_gene4	tr|A0A453RYT4|A0A453RYT4_AEGTS	54.902	102	46	0	16	117	13	114	8.11e-38	130
FGENESH_gene4	tr|A0A453F9Y9|A0A453F9Y9_AEGTS	60.784	102	40	0	16	117	15	116	8.46e-38	135
FGENESH_gene4	tr|A0A453F9Z3|A0A453F9Z3_AEGTS	60.784	102	40	0	16	117	18	119	9.05e-38	135
FGENESH_gene4	tr|A0A453KCG3|A0A453KCG3_AEGTS	58.586	99	41	0	16	114	13	111	9.31e-38	135
FGENESH_gene4	tr|A0A453F9S4|A0A453F9S4_AEGTS	60.784	102	40	0	16	117	16	117	9.38e-38	135
FGENESH_gene4	tr|A0A452ZQP5|A0A452ZQP5_AEGTS	58.559	111	46	0	7	117	6	116	9.76e-38	135
FGENESH_gene4	tr|A0A453SWD1|A0A453SWD1_AEGTS	55.556	99	44	0	19	117	28	126	1.10e-37	137
FGENESH_gene4	tr|A0A452ZQU0|A0A452ZQU0_AEGTS	57.658	111	47	0	7	117	6	116	1.35e-37	135
FGENESH_gene4	tr|A0A452ZQR2|A0A452ZQR2_AEGTS	57.658	111	47	0	7	117	6	116	1.73e-37	135
FGENESH_gene4	tr|A0A452ZQQ8|A0A452ZQQ8_AEGTS	57.658	111	47	0	7	117	9	119	2.04e-37	134
FGENESH_gene4	tr|A0A452ZQN5|A0A452ZQN5_AEGTS	57.658	111	47	0	7	117	6	116	2.12e-37	134
FGENESH_gene4	tr|A0A452ZQS6|A0A452ZQS6_AEGTS	57.658	111	47	0	7	117	6	116	2.95e-37	134
FGENESH_gene4	tr|A0A453KBT5|A0A453KBT5_AEGTS	58.586	99	41	0	16	114	42	140	3.08e-37	135
FGENESH_gene4	tr|A0A453P5X6|A0A453P5X6_AEGTS	54.808	104	47	0	14	117	54	157	3.13e-37	135
FGENESH_gene4	tr|A0A452ZQN0|A0A452ZQN0_AEGTS	56.757	111	48	0	7	117	6	116	3.28e-37	134
FGENESH_gene4	tr|A0A452ZQT0|A0A452ZQT0_AEGTS	57.658	111	47	0	7	117	6	116	3.38e-37	134
FGENESH_gene4	tr|A0A453AZK8|A0A453AZK8_AEGTS	55.882	102	45	0	16	117	13	114	3.75e-37	135
FGENESH_gene4	tr|A0A453EVR5|A0A453EVR5_AEGTS	53.448	116	54	0	2	117	8	123	4.03e-37	134
FGENESH_gene4	tr|A0A453MUS1|A0A453MUS1_AEGTS	56.311	103	45	0	15	117	13	115	4.11e-37	134
FGENESH_gene4	tr|A0A453MV82|A0A453MV82_AEGTS	56.311	103	45	0	15	117	13	115	4.61e-37	133
FGENESH_gene4	tr|A0A453J2P5|A0A453J2P5_AEGTS	57.407	108	45	1	16	122	13	120	5.39e-37	132
FGENESH_gene4	tr|A0A452ZQQ3|A0A452ZQQ3_AEGTS	58.559	111	46	0	7	117	6	116	5.43e-37	133
FGENESH_gene4	tr|A0A453CEJ9|A0A453CEJ9_AEGTS	74.026	77	20	0	15	91	19	95	5.73e-37	127
FGENESH_gene4	tr|A0A453MV74|A0A453MV74_AEGTS	56.311	103	45	0	15	117	13	115	5.81e-37	133
FGENESH_gene4	tr|A0A453MV07|A0A453MV07_AEGTS	56.311	103	45	0	15	117	13	115	6.41e-37	134
FGENESH_gene4	tr|A0A453EVH7|A0A453EVH7_AEGTS	53.448	116	54	0	2	117	31	146	6.48e-37	134
FGENESH_gene4	tr|A0A453J2N8|A0A453J2N8_AEGTS	57.407	108	45	1	16	122	13	120	6.93e-37	132
FGENESH_gene4	tr|A0A453RYS0|A0A453RYS0_AEGTS	54.902	102	46	0	16	117	13	114	7.48e-37	134
FGENESH_gene4	tr|A0A453K0C1|A0A453K0C1_AEGTS	55.556	117	51	1	2	117	17	133	7.51e-37	135
FGENESH_gene4	tr|A0A452ZQS9|A0A452ZQS9_AEGTS	55.856	111	49	0	7	117	7	117	1.15e-36	132
FGENESH_gene4	tr|A0A452ZQR7|A0A452ZQR7_AEGTS	55.856	111	49	0	7	117	6	116	1.18e-36	133
FGENESH_gene4	tr|A0A453JXI4|A0A453JXI4_AEGTS	65.217	92	32	0	32	123	7	98	1.90e-36	129
FGENESH_gene4	tr|A0A452ZQS7|A0A452ZQS7_AEGTS	55.856	111	49	0	7	117	6	116	1.97e-36	131
FGENESH_gene4	tr|A0A452ZQT2|A0A452ZQT2_AEGTS	55.856	111	49	0	7	117	8	118	2.30e-36	131
FGENESH_gene4	tr|A0A452ZQV0|A0A452ZQV0_AEGTS	55.856	111	49	0	7	117	12	122	2.68e-36	132
FGENESH_gene4	tr|A0A452ZQR3|A0A452ZQR3_AEGTS	55.856	111	49	0	7	117	96	206	3.35e-36	134
FGENESH_gene4	tr|A0A452ZQQ5|A0A452ZQQ5_AEGTS	55.856	111	49	0	7	117	6	116	3.65e-36	131
FGENESH_gene4	tr|A0A452ZQP0|A0A452ZQP0_AEGTS	55.856	111	49	0	7	117	97	207	3.79e-36	133
FGENESH_gene4	tr|A0A452ZQS3|A0A452ZQS3_AEGTS	55.856	111	49	0	7	117	6	116	5.03e-36	131
FGENESH_gene4	tr|A0A453SF76|A0A453SF76_AEGTS	54.545	110	49	1	9	117	57	166	5.04e-36	135
FGENESH_gene4	tr|A0A453E366|A0A453E366_AEGTS	58.824	102	42	0	16	117	21	122	8.62e-36	130
FGENESH_gene4	tr|A0A453CFH3|A0A453CFH3_AEGTS	50.893	112	55	0	16	127	14	125	3.01e-35	129
FGENESH_gene4	tr|A0A453BFU9|A0A453BFU9_AEGTS	41.566	166	91	2	16	181	7	166	5.17e-35	130
FGENESH_gene4	tr|A0A453CFK1|A0A453CFK1_AEGTS	50.893	112	55	0	16	127	27	138	6.69e-35	128
FGENESH_gene4	tr|A0A453FCN0|A0A453FCN0_AEGTS	54.369	103	46	1	16	117	13	115	6.79e-35	125
FGENESH_gene4	tr|A0A452ZQS2|A0A452ZQS2_AEGTS	55.856	111	49	0	7	117	97	207	7.24e-35	130
FGENESH_gene4	tr|A0A453LVS4|A0A453LVS4_AEGTS	49.180	122	60	2	16	135	13	134	7.60e-35	128
FGENESH_gene4	tr|A0A453AGX3|A0A453AGX3_AEGTS	42.771	166	76	4	16	162	13	178	1.29e-34	127
FGENESH_gene4	tr|A0A453FC93|A0A453FC93_AEGTS	54.369	103	46	1	16	117	13	115	1.45e-34	124
FGENESH_gene4	tr|A0A453C6H5|A0A453C6H5_AEGTS	55.882	102	45	0	16	117	59	160	1.48e-34	129
FGENESH_gene4	tr|A0A453CHU4|A0A453CHU4_AEGTS	44.604	139	40	1	16	117	42	180	1.79e-34	128
FGENESH_gene4	tr|A0A453FCI3|A0A453FCI3_AEGTS	54.369	103	46	1	16	117	13	115	2.20e-34	124
FGENESH_gene4	tr|A0A453CPV0|A0A453CPV0_AEGTS	55.238	105	46	1	14	117	22	126	2.22e-34	124
FGENESH_gene4	tr|A0A453CW16|A0A453CW16_AEGTS	73.239	71	19	0	47	117	6	76	2.58e-34	120
FGENESH_gene4	tr|A0A452XPR9|A0A452XPR9_AEGTS	78.873	71	15	0	47	117	9	79	2.92e-34	124
FGENESH_gene4	tr|A0A453PHT2|A0A453PHT2_AEGTS	47.015	134	39	1	16	117	13	146	3.47e-34	123
FGENESH_gene4	tr|A0A453LWQ0|A0A453LWQ0_AEGTS	53.398	103	47	1	16	117	13	115	4.10e-34	122
FGENESH_gene4	tr|A0A453RAK9|A0A453RAK9_AEGTS	58.654	104	39	2	16	117	13	114	6.10e-34	124
FGENESH_gene4	tr|A0A453SND4|A0A453SND4_AEGTS	52.427	103	48	1	12	113	9	111	6.89e-34	121
FGENESH_gene4	tr|A0A453PTW7|A0A453PTW7_AEGTS	45.736	129	69	1	16	143	13	141	8.94e-34	122
FGENESH_gene4	tr|A0A453SNC5|A0A453SNC5_AEGTS	52.427	103	48	1	12	113	9	111	9.85e-34	124
FGENESH_gene4	tr|A0A453CWC7|A0A453CWC7_AEGTS	60.870	92	34	1	16	105	14	105	1.01e-33	119
FGENESH_gene4	tr|A0A452Z2U1|A0A452Z2U1_AEGTS	50.485	103	50	1	16	117	13	115	1.30e-33	123
FGENESH_gene4	tr|A0A453C6U4|A0A453C6U4_AEGTS	54.902	102	46	0	16	117	13	114	1.39e-33	125
FGENESH_gene4	tr|A0A453PUB6|A0A453PUB6_AEGTS	36.052	233	123	5	16	223	129	360	1.42e-33	128
FGENESH_gene4	tr|A0A453FCW0|A0A453FCW0_AEGTS	54.369	103	46	1	16	117	13	115	1.57e-33	121
FGENESH_gene4	tr|A0A453RKL8|A0A453RKL8_AEGTS	53.271	107	49	1	12	117	12	118	2.65e-33	121
FGENESH_gene4	tr|A0A453CWE4|A0A453CWE4_AEGTS	45.588	136	40	1	16	117	15	150	3.56e-33	125
FGENESH_gene4	tr|A0A452Z2T7|A0A452Z2T7_AEGTS	50.485	103	50	1	16	117	13	115	3.90e-33	124
FGENESH_gene4	tr|A0A453FCM5|A0A453FCM5_AEGTS	54.369	103	46	1	16	117	91	193	4.00e-33	125
FGENESH_gene4	tr|A0A453CW11|A0A453CW11_AEGTS	73.239	71	19	0	47	117	6	76	5.55e-33	124
FGENESH_gene4	tr|A0A452ZTN3|A0A452ZTN3_AEGTS	53.398	103	47	1	16	117	13	115	6.48e-33	120
FGENESH_gene4	tr|A0A452ZQR4|A0A452ZQR4_AEGTS	49.231	130	47	1	7	117	6	135	7.37e-33	123
FGENESH_gene4	tr|A0A453KVM0|A0A453KVM0_AEGTS	52.427	103	48	1	16	117	13	115	1.00e-32	122
FGENESH_gene4	tr|A0A453KVN2|A0A453KVN2_AEGTS	52.427	103	48	1	16	117	13	115	1.43e-32	122
FGENESH_gene4	tr|A0A453JXD6|A0A453JXD6_AEGTS	71.429	77	22	0	47	123	9	85	1.50e-32	119
FGENESH_gene4	tr|A0A452ZTM1|A0A452ZTM1_AEGTS	53.398	103	47	1	16	117	13	115	1.89e-32	118
FGENESH_gene4	tr|A0A452ZTL5|A0A452ZTL5_AEGTS	53.398	103	47	1	16	117	13	115	2.64e-32	121
FGENESH_gene4	tr|A0A453DT18|A0A453DT18_AEGTS	70.833	72	21	0	46	117	1	72	6.59e-32	119
FGENESH_gene4	tr|A0A453RAM4|A0A453RAM4_AEGTS	47.368	133	39	1	16	117	44	176	7.44e-32	120
FGENESH_gene4	tr|A0A453J9G4|A0A453J9G4_AEGTS	50.485	103	50	1	16	117	13	115	1.79e-31	117
FGENESH_gene4	tr|A0A453JYK8|A0A453JYK8_AEGTS	72.857	70	19	0	48	117	6	75	1.89e-31	117
FGENESH_gene4	tr|A0A453FHI7|A0A453FHI7_AEGTS	49.515	103	51	1	16	117	13	115	2.36e-31	117
FGENESH_gene4	tr|A0A453QUS2|A0A453QUS2_AEGTS	59.259	81	33	0	16	96	7	87	2.38e-31	112
FGENESH_gene4	tr|A0A453E6D6|A0A453E6D6_AEGTS	49.533	107	53	1	12	117	9	115	2.91e-31	117
FGENESH_gene4	tr|A0A453QDI4|A0A453QDI4_AEGTS	61.842	76	29	0	16	91	14	89	3.25e-31	112
FGENESH_gene4	tr|A0A453E654|A0A453E654_AEGTS	49.533	107	53	1	12	117	9	115	3.85e-31	117
FGENESH_gene4	tr|A0A453HIE1|A0A453HIE1_AEGTS	70.000	70	21	0	48	117	13	82	1.63e-30	115
FGENESH_gene4	tr|A0A453P5Z6|A0A453P5Z6_AEGTS	68.000	75	24	0	43	117	7	81	3.11e-30	114
FGENESH_gene4	tr|A0A453DEU2|A0A453DEU2_AEGTS	74.286	70	18	0	48	117	14	83	3.72e-30	116
FGENESH_gene4	tr|A0A452ZQQ0|A0A452ZQQ0_AEGTS	42.953	149	47	1	7	117	6	154	6.36e-30	115
FGENESH_gene4	tr|A0A453D7B9|A0A453D7B9_AEGTS	50.980	102	50	0	16	117	65	166	9.66e-30	113
FGENESH_gene4	tr|A0A453GJX4|A0A453GJX4_AEGTS	69.014	71	22	0	47	117	12	82	1.82e-29	112
FGENESH_gene4	tr|A0A453R2Q1|A0A453R2Q1_AEGTS	68.571	70	22	0	48	117	6	75	4.79e-29	110
FGENESH_gene4	tr|A0A453SNG2|A0A453SNG2_AEGTS	40.909	132	48	2	12	113	9	140	7.47e-29	112
FGENESH_gene4	tr|A0A453NPF3|A0A453NPF3_AEGTS	50.980	102	47	2	17	117	11	110	7.92e-29	112
FGENESH_gene4	tr|A0A453R531|A0A453R531_AEGTS	59.211	76	31	0	16	91	13	88	1.14e-28	105
FGENESH_gene4	tr|A0A453F9Z9|A0A453F9Z9_AEGTS	68.571	70	22	0	48	117	8	77	2.34e-28	109
FGENESH_gene4	tr|A0A453KSJ2|A0A453KSJ2_AEGTS	69.565	69	21	0	49	117	1	69	2.95e-28	109
FGENESH_gene4	tr|A0A453E6H5|A0A453E6H5_AEGTS	50.526	95	46	1	20	113	1	95	3.74e-28	104
FGENESH_gene4	tr|A0A453GJV8|A0A453GJV8_AEGTS	57.895	76	32	0	17	92	14	89	4.06e-28	104
FGENESH_gene4	tr|A0A453FA65|A0A453FA65_AEGTS	59.211	76	31	0	16	91	27	102	1.02e-27	104
FGENESH_gene4	tr|A0A452ZE56|A0A452ZE56_AEGTS	55.556	81	36	0	16	96	41	121	1.30e-27	105
FGENESH_gene4	tr|A0A452Z2S9|A0A452Z2S9_AEGTS	61.111	72	28	0	46	117	1	72	2.38e-27	103
FGENESH_gene4	tr|A0A453E685|A0A453E685_AEGTS	40.299	134	52	2	12	117	9	142	3.59e-27	103
FGENESH_gene4	tr|A0A453PU21|A0A453PU21_AEGTS	36.000	200	103	4	48	223	2	200	4.09e-27	108
FGENESH_gene4	tr|A0A453LH08|A0A453LH08_AEGTS	56.579	76	33	0	17	92	14	89	1.00e-26	101
FGENESH_gene4	tr|A0A453HPQ5|A0A453HPQ5_AEGTS	56.410	78	34	0	16	93	13	90	1.21e-26	100
FGENESH_gene4	tr|A0A453T7V9|A0A453T7V9_AEGTS	49.020	102	49	2	17	117	38	137	1.65e-26	106
FGENESH_gene4	tr|A0A453T7X3|A0A453T7X3_AEGTS	49.020	102	49	2	17	117	38	137	2.01e-26	106
FGENESH_gene4	tr|A0A452YS30|A0A452YS30_AEGTS	47.573	103	53	1	16	117	3	105	3.39e-26	104
FGENESH_gene4	tr|A0A453T7S7|A0A453T7S7_AEGTS	49.020	102	49	2	17	117	8	107	3.46e-26	105
FGENESH_gene4	tr|A0A453T7X5|A0A453T7X5_AEGTS	49.020	102	49	2	17	117	8	107	4.45e-26	104
FGENESH_gene4	tr|A0A453T7U6|A0A453T7U6_AEGTS	49.020	102	49	2	17	117	8	107	5.12e-26	104
FGENESH_gene4	tr|A0A453FXQ2|A0A453FXQ2_AEGTS	48.039	102	50	2	17	117	65	164	7.19e-26	105
FGENESH_gene4	tr|A0A452Z6J1|A0A452Z6J1_AEGTS	58.667	75	31	0	17	91	57	131	8.26e-26	99.8
FGENESH_gene4	tr|A0A453FXN6|A0A453FXN6_AEGTS	48.039	102	50	2	17	117	130	229	8.81e-26	106
FGENESH_gene4	tr|A0A452ZTN0|A0A452ZTN0_AEGTS	62.857	70	26	0	48	117	15	84	1.23e-25	103
FGENESH_gene4	tr|A0A453B0R7|A0A453B0R7_AEGTS	65.672	67	23	0	51	117	2	68	1.34e-25	103
FGENESH_gene4	tr|A0A453S7B5|A0A453S7B5_AEGTS	50.000	88	44	0	5	92	2	89	1.48e-25	99.4
FGENESH_gene4	tr|A0A453T7W4|A0A453T7W4_AEGTS	49.020	102	49	2	17	117	8	107	1.67e-25	103
FGENESH_gene4	tr|A0A453KXL1|A0A453KXL1_AEGTS	56.579	76	33	0	16	91	13	88	3.15e-25	97.1
FGENESH_gene4	tr|A0A453DDK5|A0A453DDK5_AEGTS	47.059	102	54	0	16	117	45	146	3.19e-25	100
FGENESH_gene4	tr|A0A452ZQT1|A0A452ZQT1_AEGTS	49.000	100	51	0	7	106	6	105	3.68e-25	99.0
FGENESH_gene4	tr|A0A453F9Z5|A0A453F9Z5_AEGTS	55.556	81	36	0	16	96	18	98	5.99e-25	97.1
FGENESH_gene4	tr|A0A453EHS1|A0A453EHS1_AEGTS	35.135	148	93	2	10	156	18	163	1.28e-24	104
FGENESH_gene4	tr|A0A453CWG2|A0A453CWG2_AEGTS	54.430	79	34	1	16	92	14	92	1.50e-24	95.9
FGENESH_gene4	tr|A0A453I7K5|A0A453I7K5_AEGTS	59.722	72	29	0	10	81	15	86	1.61e-24	100
FGENESH_gene4	tr|A0A453EHX3|A0A453EHX3_AEGTS	35.135	148	93	2	10	156	61	206	1.63e-24	103
FGENESH_gene4	tr|A0A453EHR6|A0A453EHR6_AEGTS	35.135	148	93	2	10	156	73	218	1.82e-24	103
FGENESH_gene4	tr|A0A453EHS9|A0A453EHS9_AEGTS	35.135	148	93	2	10	156	95	240	1.86e-24	103
FGENESH_gene4	tr|A0A453EHU3|A0A453EHU3_AEGTS	35.135	148	93	2	10	156	115	260	1.91e-24	103
FGENESH_gene4	tr|A0A453CWA6|A0A453CWA6_AEGTS	55.128	78	33	1	16	91	14	91	2.70e-24	94.7
FGENESH_gene4	tr|A0A453KVP6|A0A453KVP6_AEGTS	54.545	77	35	0	41	117	13	89	3.08e-24	100
FGENESH_gene4	tr|A0A452Y781|A0A452Y781_AEGTS	41.600	125	69	3	10	133	34	155	4.18e-24	102
FGENESH_gene4	tr|A0A453D772|A0A453D772_AEGTS	35.052	194	85	5	16	173	53	241	5.22e-24	98.6
FGENESH_gene4	tr|A0A453RYS2|A0A453RYS2_AEGTS	50.000	76	38	0	16	91	13	88	5.24e-24	94.0
FGENESH_gene4	tr|A0A453KG49|A0A453KG49_AEGTS	48.039	102	50	2	17	117	19	118	5.65e-24	99.4
FGENESH_gene4	tr|A0A453KG65|A0A453KG65_AEGTS	48.039	102	50	2	17	117	49	148	6.34e-24	99.8
FGENESH_gene4	tr|A0A453K760|A0A453K760_AEGTS	54.321	81	37	0	17	97	14	94	6.61e-24	97.4
FGENESH_gene4	tr|A0A452Y792|A0A452Y792_AEGTS	41.600	125	69	3	10	133	95	216	8.83e-24	101
FGENESH_gene4	tr|A0A453E6H1|A0A453E6H1_AEGTS	40.984	122	44	2	24	117	4	125	9.30e-24	94.4
FGENESH_gene4	tr|A0A452Y793|A0A452Y793_AEGTS	41.600	125	69	3	10	133	95	216	9.41e-24	101
FGENESH_gene4	tr|A0A453I7S8|A0A453I7S8_AEGTS	58.904	73	29	1	10	81	15	87	1.61e-23	94.7
FGENESH_gene4	tr|A0A452ZS37|A0A452ZS37_AEGTS	44.860	107	58	1	5	111	11	116	1.68e-23	95.9
FGENESH_gene4	tr|A0A452ZS37|A0A452ZS37_AEGTS	25.490	51	37	1	67	116	20	70	8.5	29.6
FGENESH_gene4	tr|A0A452ZQS1|A0A452ZQS1_AEGTS	54.118	85	39	0	7	91	68	152	1.74e-23	95.1
FGENESH_gene4	tr|A0A453FYA2|A0A453FYA2_AEGTS	37.692	130	77	3	17	144	145	272	1.94e-23	99.8
FGENESH_gene4	tr|A0A453FWS4|A0A453FWS4_AEGTS	44.037	109	58	2	10	117	45	151	2.42e-23	100
FGENESH_gene4	tr|A0A452ZQQ9|A0A452ZQQ9_AEGTS	54.118	85	39	0	7	91	68	152	2.50e-23	94.7
FGENESH_gene4	tr|A0A453FWL4|A0A453FWL4_AEGTS	44.037	109	58	2	10	117	112	218	3.55e-23	99.8
FGENESH_gene4	tr|A0A453IY50|A0A453IY50_AEGTS	43.689	103	55	2	16	117	8	108	3.63e-23	96.3
FGENESH_gene4	tr|A0A452YWP7|A0A452YWP7_AEGTS	46.078	102	52	2	17	117	66	165	3.97e-23	98.2
FGENESH_gene4	tr|A0A453FWM4|A0A453FWM4_AEGTS	44.037	109	58	2	10	117	112	218	4.41e-23	99.8
FGENESH_gene4	tr|A0A453RAS2|A0A453RAS2_AEGTS	45.455	110	29	1	39	117	2	111	5.47e-23	95.9
FGENESH_gene4	tr|A0A452ZQT5|A0A452ZQT5_AEGTS	51.765	85	41	0	7	91	95	179	7.26e-23	94.4
FGENESH_gene4	tr|A0A453P5W5|A0A453P5W5_AEGTS	44.444	90	50	0	2	91	38	127	1.15e-22	91.7
FGENESH_gene4	tr|A0A453EQJ9|A0A453EQJ9_AEGTS	50.000	96	45	2	17	111	57	150	1.17e-22	95.9
FGENESH_gene4	tr|A0A452Z9C0|A0A452Z9C0_AEGTS	44.037	109	58	2	10	117	41	147	1.19e-22	98.2
FGENESH_gene4	tr|A0A453EQI6|A0A453EQI6_AEGTS	48.980	98	47	2	17	113	46	141	1.41e-22	95.9
FGENESH_gene4	tr|A0A452Z9J3|A0A452Z9J3_AEGTS	44.037	109	58	2	10	117	55	161	1.49e-22	97.8
FGENESH_gene4	tr|A0A453EQL0|A0A453EQL0_AEGTS	50.000	96	45	2	17	111	46	139	1.76e-22	95.9
FGENESH_gene4	tr|A0A452Z9B5|A0A452Z9B5_AEGTS	44.037	109	58	2	10	117	111	217	1.94e-22	97.8
FGENESH_gene4	tr|A0A453QDU8|A0A453QDU8_AEGTS	64.912	57	20	0	16	72	14	70	2.88e-22	89.0
FGENESH_gene4	tr|A0A453GDS6|A0A453GDS6_AEGTS	46.729	107	52	3	17	122	40	142	4.03e-22	92.0
FGENESH_gene4	tr|A0A452Y2B6|A0A452Y2B6_AEGTS	32.579	221	131	7	20	237	114	319	5.36e-22	95.9
FGENESH_gene4	tr|A0A453QTF5|A0A453QTF5_AEGTS	43.519	108	60	1	5	112	114	220	5.68e-22	95.5
FGENESH_gene4	tr|A0A453CHL7|A0A453CHL7_AEGTS	52.857	70	33	0	16	85	13	82	7.77e-22	90.9
FGENESH_gene4	tr|A0A453GE06|A0A453GE06_AEGTS	46.729	107	52	3	17	122	73	175	1.45e-21	92.0
FGENESH_gene4	tr|A0A453GDP7|A0A453GDP7_AEGTS	46.729	107	52	3	17	122	73	175	2.21e-21	92.0
FGENESH_gene4	tr|A0A453GE05|A0A453GE05_AEGTS	46.729	107	52	3	17	122	73	175	2.85e-21	90.9
FGENESH_gene4	tr|A0A453H8C2|A0A453H8C2_AEGTS	50.000	96	45	2	17	111	4	97	4.34e-21	90.5
FGENESH_gene4	tr|A0A453E3A2|A0A453E3A2_AEGTS	55.405	74	33	0	16	89	21	94	5.76e-21	86.3
FGENESH_gene4	tr|A0A453CFS4|A0A453CFS4_AEGTS	48.684	76	39	0	16	91	14	89	5.76e-21	85.9
FGENESH_gene4	tr|A0A453GDU8|A0A453GDU8_AEGTS	46.729	107	52	3	17	122	73	175	7.04e-21	92.0
FGENESH_gene4	tr|A0A453KCV4|A0A453KCV4_AEGTS	53.731	67	31	0	16	82	13	79	7.07e-21	85.5
FGENESH_gene4	tr|A0A453HKR2|A0A453HKR2_AEGTS	48.113	106	47	3	7	111	18	116	8.85e-21	90.5
FGENESH_gene4	tr|A0A453CFI7|A0A453CFI7_AEGTS	48.684	76	39	0	16	91	52	127	1.06e-20	86.7
FGENESH_gene4	tr|A0A453E655|A0A453E655_AEGTS	46.914	81	42	1	12	91	99	179	1.33e-20	87.8
FGENESH_gene4	tr|A0A452YK51|A0A452YK51_AEGTS	47.170	106	55	1	16	120	7	112	1.33e-20	90.1
FGENESH_gene4	tr|A0A453IPE2|A0A453IPE2_AEGTS	41.748	103	57	2	16	117	10	110	7.92e-20	85.5
FGENESH_gene4	tr|A0A453EHT8|A0A453EHT8_AEGTS	33.588	131	84	2	27	156	2	130	1.92e-19	89.4
FGENESH_gene4	tr|A0A453FWM3|A0A453FWM3_AEGTS	43.158	95	51	2	24	117	7	99	2.73e-19	88.2
FGENESH_gene4	tr|A0A453JX53|A0A453JX53_AEGTS	42.000	100	56	1	20	117	9	108	2.74e-19	84.0
FGENESH_gene4	tr|A0A453PTR1|A0A453PTR1_AEGTS	46.753	77	40	1	16	91	97	173	3.84e-19	83.6
FGENESH_gene4	tr|A0A453FC97|A0A453FC97_AEGTS	49.351	77	38	1	16	91	87	163	4.52e-19	83.2
FGENESH_gene4	tr|A0A452YS32|A0A452YS32_AEGTS	49.333	75	38	0	46	120	32	106	9.71e-19	82.4
FGENESH_gene4	tr|A0A453JX17|A0A453JX17_AEGTS	42.000	100	56	1	20	117	12	111	1.07e-18	85.5
FGENESH_gene4	tr|A0A453JXB0|A0A453JXB0_AEGTS	42.000	100	56	1	20	117	9	108	1.55e-18	85.5
FGENESH_gene4	tr|A0A452Y788|A0A452Y788_AEGTS	42.718	103	55	3	32	133	2	101	1.90e-18	86.3
FGENESH_gene4	tr|A0A453K7E4|A0A453K7E4_AEGTS	38.532	109	33	1	17	91	14	122	2.59e-18	80.1
FGENESH_gene4	tr|A0A453EHT4|A0A453EHT4_AEGTS	34.127	126	80	2	32	156	2	125	3.28e-18	85.5
FGENESH_gene4	tr|A0A453EHS0|A0A453EHS0_AEGTS	34.127	126	80	2	32	156	2	125	3.36e-18	85.5
FGENESH_gene4	tr|A0A453FWL6|A0A453FWL6_AEGTS	42.553	94	51	2	10	102	19	110	1.46e-17	78.2
FGENESH_gene4	tr|A0A453FWL6|A0A453FWL6_AEGTS	36.364	66	41	1	51	115	7	72	8.64e-06	46.2
FGENESH_gene4	tr|A0A453G1V1|A0A453G1V1_AEGTS	67.391	46	15	0	48	93	2	47	2.38e-17	76.6
FGENESH_gene4	tr|A0A453IJY8|A0A453IJY8_AEGTS	44.554	101	51	4	20	117	3	101	2.66e-17	79.7
FGENESH_gene4	tr|A0A453F9Z8|A0A453F9Z8_AEGTS	64.815	54	19	0	64	117	1	54	3.96e-17	79.3
FGENESH_gene4	tr|A0A453E681|A0A453E681_AEGTS	49.275	69	34	1	24	91	4	72	4.58e-17	75.1
FGENESH_gene4	tr|A0A453FWM6|A0A453FWM6_AEGTS	43.678	87	46	2	17	102	88	172	8.72e-17	77.4
FGENESH_gene4	tr|A0A453FWM6|A0A453FWM6_AEGTS	35.000	100	63	2	17	115	36	134	5.70e-10	58.9
FGENESH_gene4	tr|A0A452YS70|A0A452YS70_AEGTS	44.737	76	41	1	16	90	3	78	1.10e-16	74.3
FGENESH_gene4	tr|A0A453EGM1|A0A453EGM1_AEGTS	44.762	105	53	4	20	121	26	128	1.56e-16	78.2
FGENESH_gene4	tr|A0A453E688|A0A453E688_AEGTS	36.111	108	41	2	12	91	9	116	1.88e-16	75.1
FGENESH_gene4	tr|A0A453EHS5|A0A453EHS5_AEGTS	38.710	93	54	2	10	101	18	108	2.56e-16	74.7
FGENESH_gene4	tr|A0A453EHS5|A0A453EHS5_AEGTS	31.818	66	44	1	51	115	6	71	1.06e-05	45.4
FGENESH_gene4	tr|A0A452Y791|A0A452Y791_AEGTS	38.298	94	55	2	10	102	31	122	7.66e-16	73.6
FGENESH_gene4	tr|A0A452Y791|A0A452Y791_AEGTS	34.848	66	42	1	51	115	19	84	2.33e-06	47.8
FGENESH_gene4	tr|A0A453P3L1|A0A453P3L1_AEGTS	33.533	167	75	5	91	246	33	174	8.13e-16	75.9
FGENESH_gene4	tr|A0A453JXP2|A0A453JXP2_AEGTS	66.667	51	17	0	73	123	1	51	1.05e-15	74.3
FGENESH_gene4	tr|A0A453EGP8|A0A453EGP8_AEGTS	44.554	101	51	4	20	117	28	126	1.33e-15	75.9
FGENESH_gene4	tr|A0A453F906|A0A453F906_AEGTS	68.182	44	14	0	48	91	1	44	1.49e-15	70.9
FGENESH_gene4	tr|A0A453CI01|A0A453CI01_AEGTS	34.579	107	33	1	16	85	42	148	2.17e-15	75.1
FGENESH_gene4	tr|A0A453K0I7|A0A453K0I7_AEGTS	59.615	52	21	0	16	67	31	82	2.68e-15	70.9
FGENESH_gene4	tr|A0A452Y787|A0A452Y787_AEGTS	39.080	87	50	2	17	102	102	186	5.65e-15	72.8
FGENESH_gene4	tr|A0A452Y787|A0A452Y787_AEGTS	33.000	100	65	2	17	115	50	148	6.85e-10	58.9
FGENESH_gene4	tr|A0A453B149|A0A453B149_AEGTS	33.628	113	67	3	20	131	31	136	9.06e-15	74.7
FGENESH_gene4	tr|A0A453B0X1|A0A453B0X1_AEGTS	33.628	113	67	3	20	131	31	136	1.00e-14	75.1
FGENESH_gene4	tr|A0A453B124|A0A453B124_AEGTS	33.628	113	67	3	20	131	31	136	1.10e-14	74.7
FGENESH_gene4	tr|A0A453B103|A0A453B103_AEGTS	33.628	113	67	3	20	131	31	136	1.57e-14	73.9
FGENESH_gene4	tr|A0A453GXT4|A0A453GXT4_AEGTS	58.824	51	21	0	73	123	1	51	2.25e-14	70.9
FGENESH_gene4	tr|A0A453HTI3|A0A453HTI3_AEGTS	61.538	52	20	0	73	124	1	52	2.32e-14	70.9
FGENESH_gene4	tr|A0A453B0Z9|A0A453B0Z9_AEGTS	34.343	99	62	2	20	117	94	190	2.34e-14	73.2
FGENESH_gene4	tr|A0A453E6E1|A0A453E6E1_AEGTS	36.000	100	36	2	20	91	1	100	8.09e-14	67.4
FGENESH_gene4	tr|A0A453FWL5|A0A453FWL5_AEGTS	47.458	59	31	0	59	117	1	59	1.79e-13	71.2
FGENESH_gene4	tr|A0A453D7A7|A0A453D7A7_AEGTS	34.483	116	40	2	16	95	74	189	2.79e-13	68.9
FGENESH_gene4	tr|A0A452YK55|A0A452YK55_AEGTS	50.820	61	30	0	60	120	40	100	3.61e-13	69.3
FGENESH_gene4	tr|A0A453P5W3|A0A453P5W3_AEGTS	60.000	45	18	0	73	117	2	46	3.76e-13	68.6
FGENESH_gene4	tr|A0A453AZM0|A0A453AZM0_AEGTS	49.206	63	31	1	61	123	1	62	1.14e-12	67.4
FGENESH_gene4	tr|A0A453CFU7|A0A453CFU7_AEGTS	50.909	55	27	0	73	127	2	56	1.36e-12	67.0
FGENESH_gene4	tr|A0A452Z9K3|A0A452Z9K3_AEGTS	47.458	59	31	0	59	117	1	59	3.27e-12	67.8
FGENESH_gene4	tr|A0A452Z9D4|A0A452Z9D4_AEGTS	45.000	60	33	0	58	117	2	61	1.06e-11	66.2
FGENESH_gene4	tr|A0A453B142|A0A453B142_AEGTS	35.106	94	53	3	39	131	41	127	2.50e-11	64.7
FGENESH_gene4	tr|A0A453FCI2|A0A453FCI2_AEGTS	58.140	43	18	0	49	91	1	43	9.65e-11	57.4
FGENESH_gene4	tr|A0A453I7X3|A0A453I7X3_AEGTS	66.667	36	12	0	46	81	30	65	2.88e-10	60.5
FGENESH_gene4	tr|A0A453I7H4|A0A453I7H4_AEGTS	72.222	36	10	0	82	117	52	87	4.27e-10	60.8
FGENESH_gene4	tr|A0A453NPF7|A0A453NPF7_AEGTS	63.889	36	13	0	82	117	41	76	5.50e-10	58.5
FGENESH_gene4	tr|A0A453NUF4|A0A453NUF4_AEGTS	30.631	111	73	3	23	132	1	108	7.16e-10	58.9
FGENESH_gene4	tr|A0A453NV23|A0A453NV23_AEGTS	31.250	96	63	2	23	117	1	94	1.38e-09	59.3
FGENESH_gene4	tr|A0A453NUN0|A0A453NUN0_AEGTS	30.303	99	66	2	20	117	78	174	2.29e-09	58.9
FGENESH_gene4	tr|A0A453NUQ8|A0A453NUQ8_AEGTS	30.303	99	66	2	20	117	148	244	2.36e-09	59.3
FGENESH_gene4	tr|A0A453NUG0|A0A453NUG0_AEGTS	30.303	99	66	2	20	117	141	237	2.45e-09	58.9
FGENESH_gene4	tr|A0A453NV13|A0A453NV13_AEGTS	30.303	99	66	2	20	117	127	223	2.50e-09	58.9
FGENESH_gene4	tr|A0A453FCH7|A0A453FCH7_AEGTS	60.526	38	15	0	80	117	2	39	5.00e-09	57.0
FGENESH_gene4	tr|A0A453PMT4|A0A453PMT4_AEGTS	81.481	27	5	0	91	117	13	39	8.12e-09	53.1
FGENESH_gene4	tr|A0A453QT79|A0A453QT79_AEGTS	40.816	49	29	0	64	112	1	49	1.39e-08	55.1
FGENESH_gene4	tr|A0A453CFI6|A0A453CFI6_AEGTS	60.000	40	16	0	88	127	1	40	1.84e-08	55.1
FGENESH_gene4	tr|A0A453HTT7|A0A453HTT7_AEGTS	70.588	34	10	0	91	124	3	36	1.95e-08	54.3
FGENESH_gene4	tr|A0A453CW55|A0A453CW55_AEGTS	66.667	36	12	0	82	117	30	65	2.26e-08	55.8
FGENESH_gene4	tr|A0A453HUF4|A0A453HUF4_AEGTS	85.185	27	4	0	91	117	3	29	2.31e-08	54.3
FGENESH_gene4	tr|A0A453S834|A0A453S834_AEGTS	64.516	31	11	0	87	117	1	31	8.31e-08	53.1
FGENESH_gene4	tr|A0A453DSU1|A0A453DSU1_AEGTS	52.500	40	19	0	72	111	54	93	8.99e-08	52.8
FGENESH_gene4	tr|A0A453FYA9|A0A453FYA9_AEGTS	43.103	58	30	2	17	73	145	200	1.23e-07	52.8
FGENESH_gene4	tr|A0A453FYA9|A0A453FYA9_AEGTS	30.000	50	34	1	70	118	145	194	7.6	29.6
FGENESH_gene4	tr|A0A453QDG7|A0A453QDG7_AEGTS	77.778	27	6	0	91	117	5	31	1.39e-07	53.1
FGENESH_gene4	tr|A0A453L962|A0A453L962_AEGTS	34.694	98	62	2	16	112	416	512	1.41e-07	53.9
FGENESH_gene4	tr|A0A453L962|A0A453L962_AEGTS	29.032	93	66	0	20	112	315	407	9.25e-06	48.5
FGENESH_gene4	tr|A0A453L962|A0A453L962_AEGTS	33.871	62	40	1	39	99	281	342	6.3	30.4
FGENESH_gene4	tr|A0A453L952|A0A453L952_AEGTS	34.694	98	62	2	16	112	496	592	1.66e-07	53.9
FGENESH_gene4	tr|A0A453L952|A0A453L952_AEGTS	29.032	93	66	0	20	112	395	487	1.23e-05	48.1
FGENESH_gene4	tr|A0A453L952|A0A453L952_AEGTS	33.871	62	40	1	39	99	361	422	8.2	30.0
FGENESH_gene4	tr|A0A453LCI7|A0A453LCI7_AEGTS	32.558	86	56	2	18	103	8	91	1.90e-07	53.5
FGENESH_gene4	tr|A0A453M4V6|A0A453M4V6_AEGTS	32.558	86	56	2	18	103	8	91	2.05e-07	53.5
FGENESH_gene4	tr|A0A453M4T5|A0A453M4T5_AEGTS	32.558	86	56	2	18	103	8	91	2.31e-07	53.5
FGENESH_gene4	tr|A0A453PST9|A0A453PST9_AEGTS	30.818	159	85	4	89	223	4	161	2.36e-07	52.8
FGENESH_gene4	tr|A0A453M4R1|A0A453M4R1_AEGTS	31.818	88	58	2	16	103	6	91	2.40e-07	53.5
FGENESH_gene4	tr|A0A453M4V3|A0A453M4V3_AEGTS	32.558	86	56	2	18	103	8	91	2.54e-07	53.5
FGENESH_gene4	tr|A0A453M4Q6|A0A453M4Q6_AEGTS	32.558	86	56	2	18	103	8	91	2.63e-07	53.1
FGENESH_gene4	tr|A0A453LCR1|A0A453LCR1_AEGTS	32.558	86	56	2	18	103	8	91	2.73e-07	53.1
FGENESH_gene4	tr|A0A453LWZ4|A0A453LWZ4_AEGTS	53.061	49	22	1	88	135	4	52	2.82e-07	52.0
FGENESH_gene4	tr|A0A453LCE8|A0A453LCE8_AEGTS	32.558	86	56	2	18	103	8	91	2.84e-07	53.1
FGENESH_gene4	tr|A0A453NUE0|A0A453NUE0_AEGTS	28.889	90	61	2	20	108	50	137	3.65e-07	50.1
FGENESH_gene4	tr|A0A453L939|A0A453L939_AEGTS	34.694	98	62	2	16	112	511	607	4.52e-07	52.8
FGENESH_gene4	tr|A0A453L939|A0A453L939_AEGTS	29.032	93	66	0	20	112	410	502	3.28e-05	47.0
FGENESH_gene4	tr|A0A453L981|A0A453L981_AEGTS	34.694	98	62	2	16	112	497	593	4.71e-07	52.4
FGENESH_gene4	tr|A0A453L981|A0A453L981_AEGTS	29.032	93	66	0	20	112	396	488	3.32e-05	47.0
FGENESH_gene4	tr|A0A452ZQR9|A0A452ZQR9_AEGTS	49.057	53	27	0	7	59	48	100	4.72e-07	51.2
FGENESH_gene4	tr|A0A453L927|A0A453L927_AEGTS	34.694	98	62	2	16	112	418	514	5.57e-07	52.4
FGENESH_gene4	tr|A0A453L927|A0A453L927_AEGTS	29.032	93	66	0	20	112	317	409	4.07e-05	46.6
FGENESH_gene4	tr|A0A453C529|A0A453C529_AEGTS	81.481	27	5	0	91	117	121	147	7.21e-07	50.1
FGENESH_gene4	tr|A0A453CFD0|A0A453CFD0_AEGTS	70.000	30	9	0	88	117	20	49	1.12e-06	50.1
FGENESH_gene4	tr|A0A453NUS4|A0A453NUS4_AEGTS	29.885	87	58	2	32	117	2	86	1.19e-06	50.1
FGENESH_gene4	tr|A0A453NUP3|A0A453NUP3_AEGTS	29.885	87	58	2	32	117	2	86	1.22e-06	49.7
FGENESH_gene4	tr|A0A453HID9|A0A453HID9_AEGTS	77.778	27	6	0	91	117	169	195	1.23e-06	50.8
FGENESH_gene4	tr|A0A453HPQ0|A0A453HPQ0_AEGTS	74.074	27	7	0	91	117	26	52	1.32e-06	49.7
FGENESH_gene4	tr|A0A453NUR5|A0A453NUR5_AEGTS	29.885	87	58	2	32	117	2	86	1.34e-06	50.4
FGENESH_gene4	tr|A0A453LEV8|A0A453LEV8_AEGTS	76.923	26	6	0	92	117	92	117	1.70e-06	48.9
FGENESH_gene4	tr|A0A453HID8|A0A453HID8_AEGTS	77.778	27	6	0	91	117	201	227	1.79e-06	50.4
FGENESH_gene4	tr|A0A453FXU9|A0A453FXU9_AEGTS	41.509	53	26	1	80	127	1	53	2.33e-06	49.7
FGENESH_gene4	tr|A0A453CWD8|A0A453CWD8_AEGTS	73.077	26	7	0	92	117	1	26	2.97e-06	45.8
FGENESH_gene4	tr|A0A453CWP6|A0A453CWP6_AEGTS	49.020	51	25	1	91	141	26	75	3.77e-06	48.9
FGENESH_gene4	tr|A0A452XG19|A0A452XG19_AEGTS	50.000	34	17	0	58	91	8	41	4.02e-06	44.7
FGENESH_gene4	tr|A0A453CWB1|A0A453CWB1_AEGTS	70.370	27	8	0	91	117	9	35	6.24e-06	48.1
FGENESH_gene4	tr|A0A453KXP3|A0A453KXP3_AEGTS	73.077	26	7	0	92	117	4	29	6.89e-06	47.0
FGENESH_gene4	tr|A0A453CFT2|A0A453CFT2_AEGTS	56.757	37	16	0	91	127	114	150	6.93e-06	48.5
FGENESH_gene4	tr|A0A453L986|A0A453L986_AEGTS	34.043	94	60	2	20	112	2	94	7.63e-06	48.5
FGENESH_gene4	tr|A0A452Z9J9|A0A452Z9J9_AEGTS	58.065	31	13	0	87	117	1	31	8.86e-06	48.1
FGENESH_gene4	tr|A0A453L957|A0A453L957_AEGTS	29.032	93	66	0	20	112	382	474	9.03e-06	48.5
FGENESH_gene4	tr|A0A453L957|A0A453L957_AEGTS	35.556	90	52	5	17	103	432	518	0.033	37.4
FGENESH_gene4	tr|A0A453L957|A0A453L957_AEGTS	33.871	62	40	1	39	99	348	409	7.7	30.0
FGENESH_gene4	tr|A0A453PHS6|A0A453PHS6_AEGTS	73.077	26	7	0	92	117	89	114	9.54e-06	47.8
FGENESH_gene4	tr|A0A453E2Y6|A0A453E2Y6_AEGTS	66.667	27	9	0	91	117	1	27	1.13e-05	47.0
FGENESH_gene4	tr|A0A453EVF6|A0A453EVF6_AEGTS	67.742	31	10	0	87	117	1	31	1.32e-05	47.0
FGENESH_gene4	tr|A0A453P5Y4|A0A453P5Y4_AEGTS	82.609	23	4	0	95	117	2	24	2.11e-05	46.2
FGENESH_gene4	tr|A0A453I9B5|A0A453I9B5_AEGTS	69.231	26	8	0	92	117	1	26	2.36e-05	46.6
FGENESH_gene4	tr|A0A452Z9J8|A0A452Z9J8_AEGTS	34.409	93	59	2	17	108	66	157	2.64e-05	45.4
FGENESH_gene4	tr|A0A452Z9J8|A0A452Z9J8_AEGTS	43.182	44	22	2	17	59	118	159	0.15	34.3
FGENESH_gene4	tr|A0A453L969|A0A453L969_AEGTS	28.261	92	66	0	20	111	316	407	2.94e-05	46.6
FGENESH_gene4	tr|A0A453L969|A0A453L969_AEGTS	33.871	62	40	1	39	99	282	343	6.4	30.4
FGENESH_gene4	tr|A0A452ZQU5|A0A452ZQU5_AEGTS	70.370	27	8	0	91	117	1	27	3.18e-05	45.4
FGENESH_gene4	tr|A0A453EQQ3|A0A453EQQ3_AEGTS	52.632	38	16	1	85	122	4	39	3.41e-05	42.0
FGENESH_gene4	tr|A0A453RYU4|A0A453RYU4_AEGTS	70.370	27	8	0	91	117	3	29	5.05e-05	45.4
FGENESH_gene4	tr|A0A452ZDR7|A0A452ZDR7_AEGTS	44.444	54	27	2	17	69	44	95	6.36e-05	43.1
FGENESH_gene4	tr|A0A452ZDR6|A0A452ZDR6_AEGTS	44.444	54	27	2	17	69	44	95	6.87e-05	42.7
FGENESH_gene4	tr|A0A453F2N1|A0A453F2N1_AEGTS	42.105	38	22	0	74	111	14	51	8.38e-05	41.6
FGENESH_gene4	tr|A0A452ZDR8|A0A452ZDR8_AEGTS	44.444	54	27	2	17	69	44	95	1.11e-04	42.7
FGENESH_gene4	tr|A0A453F2H5|A0A453F2H5_AEGTS	42.105	38	22	0	74	111	32	69	1.51e-04	41.2
FGENESH_gene4	tr|A0A453JYD2|A0A453JYD2_AEGTS	43.590	39	22	0	16	54	60	98	1.63e-04	43.1
FGENESH_gene4	tr|A0A453CWA1|A0A453CWA1_AEGTS	50.000	50	23	2	93	142	1	48	2.26e-04	43.5
FGENESH_gene4	tr|A0A453KXP8|A0A453KXP8_AEGTS	48.485	33	17	0	16	48	31	63	2.34e-04	41.2
FGENESH_gene4	tr|A0A453R536|A0A453R536_AEGTS	48.649	37	19	0	16	52	98	134	2.62e-04	42.4
FGENESH_gene4	tr|A0A453GXX7|A0A453GXX7_AEGTS	48.780	41	21	0	9	49	84	124	3.32e-04	43.5
FGENESH_gene4	tr|A0A453K0C5|A0A453K0C5_AEGTS	69.231	26	8	0	92	117	86	111	3.44e-04	43.1
FGENESH_gene4	tr|A0A452XXT9|A0A452XXT9_AEGTS	66.667	27	9	0	91	117	3	29	3.77e-04	43.1
FGENESH_gene4	tr|A0A453C521|A0A453C521_AEGTS	48.485	33	17	0	16	48	13	45	6.39e-04	39.7
FGENESH_gene4	tr|A0A453B135|A0A453B135_AEGTS	36.538	52	28	1	80	131	2	48	7.73e-04	42.0
FGENESH_gene4	tr|A0A453NF15|A0A453NF15_AEGTS	63.333	30	6	1	99	128	9	33	0.002	39.7
FGENESH_gene4	tr|A0A453MUZ0|A0A453MUZ0_AEGTS	73.684	19	5	0	99	117	3	21	0.002	40.4
FGENESH_gene4	tr|A0A453F2H9|A0A453F2H9_AEGTS	46.429	28	15	0	84	111	1	28	0.002	37.0
FGENESH_gene4	tr|A0A453II06|A0A453II06_AEGTS	45.000	40	17	1	16	55	15	49	0.003	37.0
FGENESH_gene4	tr|A0A453NUE4|A0A453NUE4_AEGTS	33.929	56	36	1	77	132	23	77	0.003	40.4
FGENESH_gene4	tr|A0A453KSI8|A0A453KSI8_AEGTS	44.118	34	19	0	16	49	13	46	0.004	38.9
FGENESH_gene4	tr|A0A453QUK4|A0A453QUK4_AEGTS	66.667	30	5	1	99	128	9	33	0.005	39.7
FGENESH_gene4	tr|A0A453QV17|A0A453QV17_AEGTS	66.667	30	5	1	99	128	9	33	0.005	39.7
FGENESH_gene4	tr|A0A452ZDR5|A0A452ZDR5_AEGTS	43.636	55	26	3	18	69	1	53	0.005	37.4
FGENESH_gene4	tr|A0A453N318|A0A453N318_AEGTS	33.333	75	37	3	69	143	16	77	0.007	37.0
FGENESH_gene4	tr|A0A452YS19|A0A452YS19_AEGTS	57.143	28	12	0	90	117	24	51	0.007	38.9
FGENESH_gene4	tr|A0A453N3W3|A0A453N3W3_AEGTS	33.333	75	37	3	69	143	39	100	0.011	37.0
FGENESH_gene4	tr|A0A453IKB6|A0A453IKB6_AEGTS	40.476	42	24	1	51	91	2	43	0.019	34.7
FGENESH_gene4	tr|A0A453AZL8|A0A453AZL8_AEGTS	45.455	33	18	0	16	48	13	45	0.031	34.3
FGENESH_gene4	tr|A0A453SKM2|A0A453SKM2_AEGTS	44.444	27	15	0	12	38	9	35	0.12	32.7
FGENESH_gene4	tr|A0A453FRV1|A0A453FRV1_AEGTS	68.421	19	6	0	101	119	1	19	0.12	35.4
FGENESH_gene4	tr|A0A453N338|A0A453N338_AEGTS	41.176	34	20	0	69	102	16	49	0.12	32.7
FGENESH_gene4	tr|A0A453F934|A0A453F934_AEGTS	39.394	33	20	0	16	48	13	45	0.17	33.9
FGENESH_gene4	tr|A0A452XXN2|A0A452XXN2_AEGTS	68.421	19	6	0	99	117	1	19	0.21	34.7
FGENESH_gene4	tr|A0A453RAP0|A0A453RAP0_AEGTS	45.455	33	18	0	16	48	66	98	0.23	34.7
FGENESH_gene4	tr|A0A453GRS5|A0A453GRS5_AEGTS	33.871	62	40	1	39	99	98	159	0.26	33.9
FGENESH_gene4	tr|A0A453GRS5|A0A453GRS5_AEGTS	34.146	41	27	0	20	60	132	172	2.8	30.8
FGENESH_gene4	tr|A0A453P5Y2|A0A453P5Y2_AEGTS	29.787	47	33	0	2	48	42	88	0.28	32.7
FGENESH_gene4	tr|A0A453LWW4|A0A453LWW4_AEGTS	36.842	38	23	1	16	52	13	50	0.29	31.6
FGENESH_gene4	tr|A0A452Y201|A0A452Y201_AEGTS	33.333	42	28	0	59	100	10	51	0.50	31.2
FGENESH_gene4	tr|A0A453FWM0|A0A453FWM0_AEGTS	34.483	58	37	1	17	74	67	123	0.51	32.7
FGENESH_gene4	tr|A0A453FWM0|A0A453FWM0_AEGTS	26.761	71	43	1	41	111	48	109	9.8	28.9
FGENESH_gene4	tr|A0A452Y1W2|A0A452Y1W2_AEGTS	40.741	27	16	0	74	100	25	51	0.53	31.2
FGENESH_gene4	tr|A0A452Y292|A0A452Y292_AEGTS	40.741	27	16	0	74	100	25	51	0.78	31.2
FGENESH_gene4	tr|A0A452YG34|A0A452YG34_AEGTS	33.333	33	22	0	16	48	36	68	0.84	31.2
FGENESH_gene4	tr|A0A453CW27|A0A453CW27_AEGTS	37.143	35	22	0	17	51	16	50	0.99	30.4
FGENESH_gene4	tr|A0A453GRS1|A0A453GRS1_AEGTS	33.871	62	40	1	39	99	269	330	1.0	32.7
FGENESH_gene4	tr|A0A453GRS1|A0A453GRS1_AEGTS	34.146	41	27	0	20	60	303	343	3.6	31.2
FGENESH_gene4	tr|A0A453GRQ4|A0A453GRQ4_AEGTS	33.871	62	40	1	39	99	282	343	1.2	32.3
FGENESH_gene4	tr|A0A453GRQ4|A0A453GRQ4_AEGTS	34.146	41	27	0	20	60	316	356	3.4	31.2
